MODE 1

1               1496.634 55997.7888499608331    1.059
1               1496.634 55997.7892061258779    1.065
1               1496.634 55997.7895616583899    1.162
1               1496.634 55997.7899171908402    1.069
1               1496.634 55997.7902727233038    1.042
1               1496.634 55997.7906282557779    1.130
1               1496.634 55997.7909837882447    1.124
1               1496.634 55997.7913393206765    1.049
1               1496.634 55997.7916948215372    1.040
1               1496.634 55997.7920503539910    1.156
1               1496.634 55997.7924058548634    1.077
1               1496.634 55997.7927613873034    1.055
1               1496.634 55997.7931169513949    1.108
1               1496.634 55997.7934724522041    1.092
1               1496.634 55997.7938280162816    1.114
1               1496.634 55997.7941835171167    1.035
1               1496.634 55997.7945390812154    1.037
1               1496.634 55997.7948945820557    1.149
1               1496.634 55997.7952501461244    1.004
1               1496.634 55997.7956056785697    1.049
1               1496.634 55997.7959612110419    1.031
1               1496.634 55997.7963167434749    1.118
1               1496.634 55997.7966722759137    1.066
1               1496.634 55997.7970277767809    1.025
1               1496.634 55997.7973833092317    1.014
1               1496.634 55997.7977388733315    1.058
1               1496.634 55997.7980943741252    1.017
1               1496.634 55997.7984499382199    1.105
1               1496.634 55997.7988054706623    0.982
1               1496.634 55997.7991610031240    0.996
1               1496.634 55997.7995165039465    1.042
1               1496.634 55997.7998720680243    0.942
1               1496.634 55997.8002275688360    1.107
1               1496.634 55997.8005831329276    1.059
1               1496.634 55997.8009386337427    1.034
1               1496.634 55997.8012941661831    1.061
1               1496.634 55997.8016497302666    0.975
1               1496.634 55997.8020052627284    1.041
1               1496.634 55997.8023608267960    0.998
1               1496.634 55997.8027163592622    0.979
1               1496.634 55997.8030718917108    1.004
1               1496.634 55997.8034274241416    0.985
1               1496.634 55997.8037829565825    1.025
1               1496.634 55997.8041384890617    1.035
1               1496.634 55997.8044940215286    1.011
1               1496.634 55997.8048495539713    1.098
1               1496.634 55997.8052051180279    1.001
1               1496.634 55997.8055606505137    0.986
1               1496.634 55997.8059161829459    0.964
1               1496.634 55997.8062717154152    1.057
1               1496.634 55997.8066272478581    1.013
1               1496.634 55997.8069827803057    1.020
1               1496.634 55997.8073383127680    0.981
1               1496.634 55997.8076938452360    0.971
1               1496.634 55997.8080493776887    0.968
1               1496.634 55997.8084049101438    0.989
1               1496.634 55997.8087604426059    0.908
1               1496.634 55997.8091159750647    0.906
1               1496.634 55997.8094715075455    1.000
1               1496.634 55997.8098270399861    1.026
1               1496.634 55997.8101825724664    0.866
1               1496.634 55997.8105381049041    1.009
1               1496.634 55997.8108936373919    0.965
1               1496.634 55997.8112491698502    0.926
1               1496.634 55997.8116047023219    0.866
1               1496.634 55997.8119602347715    1.038
1               1496.634 55997.8123157672465    0.960
1               1496.634 55997.8126712364543    0.998
1               1496.634 55997.8130267689591    0.947
1               1496.634 55997.8133823330622    0.962
1               1496.634 55997.8137378338788    0.958
1               1496.634 55997.8140933979705    0.981
1               1496.634 55997.8144488988303    1.004
1               1496.634 55997.8148044313113    0.911
1               1496.634 55997.8151599954132    0.915
1               1496.634 55997.8155154962636    0.975
1               1496.634 55997.8158710287472    0.980
1               1496.634 55997.8162265612431    0.999
1               1496.634 55997.8165820937154    1.028
1               1496.634 55997.8169376578417    0.941
1               1496.634 55997.8172931903211    0.982
1               1496.634 55997.8176487228190    1.032
1               1496.634 55997.8180042553277    1.022
1               1496.634 55997.8183597878076    0.954
1               1496.634 55997.8187152886592    0.967
1               1496.634 55997.8190708211713    0.988
1               1496.634 55997.8194263853025    0.951
1               1496.634 55997.8197819178059    0.940
1               1496.634 55997.8201374186882    1.061
1               1496.634 55997.8204929511750    1.107
1               1496.634 55997.8208485153016    0.929
1               1496.634 55997.8212040162097    0.949
1               1496.634 55997.8215595487109    0.983
1               1496.634 55997.8219151128592    1.036
1               1496.634 55997.8222706137454    0.903
1               1496.634 55997.8226261462511    0.968
1               1496.634 55997.8229817420217    1.001
1               1496.634 55997.8232187636745    1.930
1               1496.634 55998.9942781996210    0.925
1               1496.634 55998.9946343550075    0.940
1               1496.634 55998.9949899093906    0.973
1               1496.634 55998.9953454321285    1.029
1               1496.634 55998.9957009548027    0.985
1               1496.634 55998.9960565091157    0.938
1               1496.634 55998.9964120317795    0.966
1               1496.634 55998.9967675543810    0.936
1               1496.634 55998.9971231086107    0.997
1               1496.634 55998.9974786311698    0.922
1               1496.634 55998.9978341537438    0.944
1               1496.634 55998.9981897078728    0.928
1               1496.634 55998.9985452303829    1.069
1               1496.634 55998.9989007528669    0.966
1               1496.634 55998.9992563069362    0.905
1               1496.634 55998.9996118293520    0.952
1               1496.634 55998.9999673517323    0.921
1               1496.634 55999.0003228424752    0.922
1               1496.634 55999.0006783964526    0.891
1               1496.634 55999.0009154007486    1.753
1               1496.634 55999.8608637783866    0.969
1               1496.634 55999.8612199950087    0.955
1               1496.634 55999.8615754841358    0.973
1               1496.634 55999.8619310681945    1.090
1               1496.634 55999.8622865890334    1.025
1               1496.634 55999.8626420782040    1.055
1               1496.634 55999.8629976623391    1.056
1               1496.634 55999.8633531832357    0.993
1               1496.634 55999.8637087041513    1.009
1               1496.634 55999.8640642251304    1.012
1               1496.634 55999.8644197777416    0.978
1               1496.634 55999.8647753620052    0.978
1               1496.634 55999.8651308830496    0.978
1               1496.634 55999.8654864041022    1.006
1               1496.634 55999.8658419568241    0.988
1               1496.634 55999.8661974779386    1.025
1               1496.634 55999.8665529990961    0.917
1               1496.634 55999.8669085518865    0.873
1               1496.634 55999.8672640731052    0.998
1               1496.634 55999.8676196259612    0.926
1               1496.634 55999.8679751471927    0.910
1               1496.634 55999.8683306684580    0.860
1               1496.634 55999.8686862214259    0.949
1               1496.634 55999.8690417427454    0.939
1               1496.634 55999.8693972641153    0.898
1               1496.634 55999.8697528171197    0.847
1               1496.634 55999.8701083385583    0.875
1               1496.634 55999.8704638599894    0.921
1               1496.634 55999.8708194131040    0.954
1               1496.634 55999.8711749345912    0.967
1               1496.634 55999.8715304877528    0.920
1               1496.634 55999.8718860092779    0.884
1               1496.634 55999.8722415308567    0.922
1               1496.634 55999.8725970841183    0.914
1               1496.634 55999.8729526057382    0.920
1               1496.634 55999.8733081273950    0.911
1               1496.634 55999.8736636807024    0.851
1               1496.634 55999.8740192024225    0.931
1               1496.634 55999.8743747241560    0.841
1               1496.634 55999.8747302775519    0.874
1               1496.634 55999.8750265246393    1.118
1               1496.634 56003.1224032178674    1.469
1               1496.634 56003.1227593705401    1.488
1               1496.634 56003.1231149222784    1.461
1               1496.634 56003.1234704424425    1.491
1               1496.634 56003.1238259625764    1.527
1               1496.634 56003.1241815144387    1.556
1               1496.634 56003.1245370346125    1.509
1               1496.634 56003.1248925548878    1.642
1               1496.634 56003.1252480751405    1.460
1               1496.634 56003.1256035954710    1.475
1               1496.634 56003.1259591157433    1.463
1               1496.634 56003.1263146677647    1.519
1               1496.634 56003.1266702197598    1.469
1               1496.634 56003.1270257085197    1.630
1               1496.634 56003.1273812605911    1.503
1               1496.634 56003.1277367810161    1.468
1               1496.634 56003.1280923015176    1.451
1               1496.634 56003.1284478220436    1.541
1               1496.634 56003.1288034058171    1.555
1               1496.634 56003.1291589263810    1.488
1               1496.634 56003.1295144785787    1.497
1               1496.634 56003.1298699675597    1.536
1               1496.634 56003.1302254881770    1.579
1               1496.634 56003.1305810405094    1.708
1               1496.634 56003.1309365611798    1.554
1               1496.634 56003.1312921451791    1.610
1               1496.634 56003.1316476342926    1.563
1               1496.634 56003.1320031550538    1.397
1               1496.634 56003.1323587074448    1.620
1               1496.634 56003.1327142282810    1.553
1               1496.634 56003.1330697807667    1.491
1               1496.634 56003.1334253332680    1.457
1               1496.634 56003.1337808225512    1.444
1               1496.634 56003.1341363750715    1.479
1               1496.634 56003.1344918960359    1.447
1               1496.634 56003.1348474486403    1.386
1               1496.634 56003.1352030012895    1.484
1               1496.634 56003.1354400363797    4.351
