2.3960574163345881857e-05	1.2174747243188027	1.6294050499170794	-8.9245168615249682e-05	0.00068525301683582205	0.40750202237941829	0.74487363285118879	0.11700148191244052	74.672497726292931	327.25433310248133	-0.0034677237764728424	0.035184586522985437	313.93278525531576	39.497566934457602	0.022249717631385148	1.2174747243188027	1.6294050499170794	-8.9245168615249682e-05	0.00068525301683582205	0.40750202237941829	0.74487363285118879	0.11700148191244052	74.672497726292931	327.25433310248133	-0.0034677237764728424	0.035184586522985437	313.93278525531576	39.497566934457602	0.022249717631385148
4.7694777394722869e-05	1.2174935925386028	1.6294260310015516	-4.8087597692711874e-05	0.00067577708305306022	0.40755389173822881	-23.782249047448591	0.001189532694325016	74.669261064911879	327.22124670921221	-0.003526547404112324	0.035169730083070824	313.89822922181963	-2167.3919963088247	4.2807636279021244	1.2159366881413423	1.6294023734966796	-9.074353711203785e-05	0.0006890011257750842	0.43019981773349125	-0.28964521943583987	0.13538184392746289	74.72792391761108	327.25403795662027	-0.0034643752356216745	0.03518926817360591	315.53076518000307	56.382465029803598	4.171876774441772
5.383493872008225e-05	1.2175355088669624	1.6294257560902856	-5.7454564371512656e-07	0.00067495624243800749	0.40755272420324301	46.746847111936944	0.00011571563308877494	74.669328658007558	327.22128006031932	-0.0035282218047201202	0.035168913832316032	313.89747967588568	477.85435540426505	-3.1703241743731958	1.2191217979910747	1.6294056180585015	-0.00010604226128293053	0.0006969403859259782	0.42148409519177454	0.76185386249978682	0.14324515779649094	74.61604714430761	327.25398898797675	-0.00347813558865766	0.035185469503169406	317.56268979674093	-8.8749951419333204	1.4680261934271595
0.0003766159569740676	1.2175745239725289	1.6294305043191961	4.8450116861355091e-05	0.00073560457360975849	0.40744696897406796	0.009421550924935072	0.10076262064762589	74.646882006779492	327.15296442241169	-0.0035746361141071954	0.035188557405750977	313.85665883510364	5.0764713139876241	1.5567540731771763	1.2172572634820973	1.6294006261255616	-8.894912327414418e-05	0.000683203971907408	0.41099324384863462	3.8110928759038831	0.15063679532294807	74.53605254598195	327.25389757694614	-0.0034880398044147493	0.03519259563746243	313.44018806525452	55.020972389055878	2.5137870037088113
4.8097314727501185e-05	1.2174839094809511	1.6294255309476533	-3.6588873887197668e-05	0.00067384052682107839	0.40754754841283608	-229.86331645859161	0.0041695480921839423	74.669464655493968	327.22323485913455	-0.0035245889875164197	0.03517009511157846	313.89988444661861	-470.16305047502186	-6.5781851846275972	1.2162018282449603	1.6294064128974952	-8.908222663556968e-05	0.0006742554209802524	0.41292354148434623	-8.2524472857883886	0.16350425018480397	74.59760925275843	327.2538672233668	-0.0034736802953935896	0.03517583315173136	315.44722609075706	-51.57388776872034	2.940996445484098
4.0668288966170739e-05	1.2175261257419361	1.6294196571092949	-6.112489585731744e-05	0.00068201899983873888	0.4075383685499207	0.17246138914596529	0.030263112551071038	74.670094307705654	327.23155351540692	-0.0035082732480383378	0.035174514931581087	313.90882504688034	-8.1310016654474602	3.1405902133457149	1.2172455946251264	1.6294050160745648	-0.00010296933708100914	0.0006813905489317348	0.42476695079571147	0.65853135602952362	0.12753800200252066	74.5855463323931	327.25398620111821	-0.0034644796893239854	0.03519171520542168	312.04169778907146	-32.247713468750128	4.513633883059906
3.9104836590230803e-05	1.2175063149798637	1.629420687996366	-5.5970654323921212e-05	0.00068001469656599764	0.40753954499197514	130.4111414977865	0.026425880264890015	74.669991643511693	327.23066190781219	-0.003510597326173732	0.035173961050583145	313.90766375963989	-7719.5576535876862	15.74866414277299	1.2177834461370287	1.6294043463719532	-9.24007726522798e-05	0.0006813739291320164	0.42793555119552557	1.1525101103186786	0.15591587621600958	74.6773951398489	327.25357758315482	-0.0034907268566379897	0.03520500499941739	317.51218690869479	76.905115183304233	6.261680954729651
2.5490472429374617e-05	1.2174937563778836	1.6294094332908124	-8.8716850114898638e-05	0.00068138985316964964	0.40751455994589247	0.21099079732799386	0.087746794184264926	74.671770245537544	327.24747207093742	-0.0034802444207763399	0.035181517940292166	313.92537475273593	6.0230406417095814	0.063177557081817923	1.2164738397390293	1.6294016587274072	-9.046128357407691e-05	0.0006837549063801346	0.40602006699725429	0.80495129134946397	0.14558641577474685	74.72644566302439	327.25376974618712	-0.003468868097025822	0.03518414587964829	310.08768974596666	18.540106800154938	0.478820429097789
4.9937040625730908e-05	1.2175239048123663	1.6294257520731541	-5.4558767427547585e-05	0.0006753177408271591	0.40755293508966034	20.435945451865276	0.00087763907912283094	74.669209394353771	327.22136712674558	-0.0035274756796327567	0.035169435594025224	313.89788162293547	-263.69008823567566	-0.06132105150438278	1.2176720620840293	1.6294090120507818	-7.938103417985527e-05	0.0006844844825181637	0.42360930482937476	-0.21021723310771387	0.1329843481652072	74.65530064743504	327.2534717245062	-0.003469166816157232	0.03516217937726106	314.99634974029982	-84.077196414373148	3.0164016118488886
4.4921464415770671e-05	1.2175245191891146	1.6294224367949612	-6.177663757835895e-05	0.00067759329155808084	0.40754407788169716	-0.19141955495902083	0.016170735624806518	74.669621337738249	327.2267322305579	-0.0035170660433772884	0.035172329206798809	313.90370865099089	13.172264196648639	3.1070744461437974	1.217135442880064	1.6294088439068883	-9.157136492373086e-05	0.000700221489889389	0.39452639416247587	2.1593674324340659	0.1545103516860077	74.53968017101408	327.25385291720329	-0.003472100236730314	0.03517935412552437	313.08737391017701	4.4652071621447869	2.8342724824436534
3.558589204679489e-05	1.2175079688458537	1.6294005797949871	-9.4752077435625203e-05	0.0006862734460166785	0.40750382469674579	0.11371247667737298	0.14525447380231382	74.672897530081116	327.25888266594131	-0.0034599871872364862	0.035186569860757543	313.93723107347631	0.83444497755000979	-0.00082464055314455378	1.2178922006814696	1.6294067105711048	-8.451606084070338e-05	0.0006883774321394271	0.38964949685256867	-0.21243583624512705	0.13872050208168354	74.6402928998354	327.25387281211357	-0.003457423485007032	0.03519877951271284	309.53705249960717	93.610569864870627	0.09336032852728461
0.0015820371895742479	1.2168392574877231	1.6294302787575821	-1.94167757156683e-05	0.00028588385945062798	0.40800778482867989	-14.778073618457087	23.357045113404176	74.66722996635751	327.21854450203421	-0.00354302207651051	0.035176965119465241	313.89755998374289	-58112.582546533871	-49.643573935274418	1.2160993795085837	1.6294034306789171	-7.734358577782616e-05	0.0006900754212292975	0.36043965646414988	-8.9822108188576077	0.11454014015682949	74.71692606256369	327.25459699797716	-0.0034637265683263897	0.03519037467197134	310.21043242647818	18.111681669162891	0.27109347324705985
5.0830678313657087e-05	1.2175112592678929	1.6294257980327085	-4.848852681464139e-05	0.00067218929665084409	0.4075539288359416	67.903799655289532	0.002735928555619804	74.669321188175999	327.22248260634541	-0.003526032383559417	0.035169827763327464	313.89911457998699	-676.95383220472206	6.2014634307174923	1.21545948995061	1.6294048097238123	-9.29313365934671e-05	0.0006834707630151505	0.40919100944463549	2.6825360410541488	0.15646747626690952	74.68333486669879	327.25490767574638	-0.0034625514976365256	0.035168690381884235	317.03953511138855	-58.462293370025236	5.220216555561903
0.0017309168154490964	1.2176290752955996	1.6294217679647154	-6.9337099430328043e-05	0.0011194097711475697	0.40673677073011261	1.6206283189732977	0.22263411703775859	74.678313507623471	327.23563028436752	-0.0035110110858546134	0.035147255046639729	313.89908720822285	162002.70120938731	4.2313460491010693	1.2176149473677365	1.6294068021992771	-8.029022697494245e-05	0.0006940538130963601	0.41973525528436739	4.4855637537818938	0.1423492013880127	74.6168603181012	327.25349041072599	-0.00346579858612496	0.0351863814167388	312.96439722409025	23944.300457445534	3.817691009340557
0.0024398931255903544	1.2135067949227425	1.6292693626154315	-0.00040111876954420549	-1.2978214550921683e-06	0.40595714610875822	-174.83831033853508	-1.5307051868600783	74.589198777522185	326.55922359605904	-0.0044978921646609557	0.03495505035534309	313.2003419090002	-3858.2009684023292	6.2744119230594269	1.2164231094404276	1.6294059750604646	-8.544929293587222e-05	0.0007002390673024167	0.38344750205262029	-4.1154486654256663	0.12008589681626582	74.58745921985235	327.25359682341355	-0.0034751919118111915	0.0352007848105055	311.02681375478164	-13.535487481122679	2.444631491608617
5.0162725728775332e-05	1.2175322095737247	1.6294258825605978	-4.7565363281775128e-05	0.00067697877626677564	0.4075496479061419	1.151955052742007	0.00016770046995631289	74.669055045381185	327.22094164805765	-0.0035282181324122141	0.035169445320978099	313.89733599563726	-838.85978424506084	-1.5744737347988997	1.217747015372832	1.6294092354946128	-8.901606644227885e-05	0.0006914306975248244	0.43682603331948799	-0.57400414769668151	0.15367910836015583	74.62198812936103	327.25432465145849	-0.003462956134514649	0.035180640213977384	311.16301097965271	209.65809581820648	0.18327146580917056
5.0055099727945263e-05	1.2175354250158228	1.6294257619478012	-4.233150956530942e-05	0.00067659975593104785	0.407551262476335	952.25320937466881	0.00025594899685437545	74.669114094580976	327.22092858938652	-0.0035278710265916106	0.03516947867769657	313.89750939685035	-8422.6062981172399	7.0567981393745187	1.2172380176426367	1.6294051653306243	-8.51045087263809e-05	0.0006932357882737571	0.40512517741697973	-16.636303638676619	0.1408332444194594	74.7693641784294	327.2536443788145	-0.003469418889878647	0.03518765599857522	311.66808259718124	-151.34063810271232	3.9533527215727564
0.0015882663461218895	1.2138797118653539	1.6295002692193439	0.00011314973159675518	0.00067056406338920395	0.40754900506935532	2.9180124616570251	-50.632542977532552	74.668476202701186	327.21769834742463	-0.0035136351623704406	0.035175853483353239	313.89693214093842	1648.4041494315964	1.840792781463656	1.216988389997327	1.6294020060066752	-8.09164651775379e-05	0.0006826450064890235	0.3983515018147758	0.46831798661934088	0.13363160193109075	74.69266342302329	327.25344962384725	-0.0034625324666052257	0.03517764253801095	310.48055871853973	-137.29659574769769	4.883099131287889
0.0022017365639453159	1.2225106510356509	1.6293348756594772	-0.00068865630818318974	-2.8119812690679259e-07	0.40737824343715334	22.669834256816856	-1.3109085248187251	74.664851644767921	327.17199921967654	-0.0035954794522501353	0.035152678642506534	313.84486001263417	3027.8860928282616	3.4081493375093208	1.2137493328543794	1.6294060992203745	-8.322387597509644e-05	0.0007009134270023441	0.40634741066209701	0.58933849460960863	0.1418001470666837	74.72274403270615	327.25517176499483	-0.0034831910440619967	0.035187620937478035	316.71536734003882	-405.15618340045086	4.0889930569319075
4.6800349936578906e-05	1.2174786300191458	1.6294260943242149	-5.3723667374488674e-05	0.00067355065974370745	0.40755351765578562	2.1258154987496134	0.0025090235992513343	74.669365268299259	327.2211352335425	-0.003527454900939368	0.035169285262522131	313.89786471044795	149.07366340350052	-4.4636365200127281	1.217231765744763	1.6294075094411888	-9.19086678023189e-05	0.0006980507213866782	0.43115856201866698	1.5772702952509396	0.1067189445330458	74.73293991488168	327.2546079743164	-0.0034443576267188312	0.03518145928255981	312.10808842984039	13.201459037081779	4.355787715279728
5.0623970025094293e-05	1.2175293864474299	1.6294248227374684	-4.8023679710858518e-05	0.00067659134629088804	0.40755073021440841	0.021827174652935884	0.0044340948603924452	74.669246013715863	327.22227047797492	-0.0035251264507546879	0.035170221034809712	313.89894240130269	25.654381391350487	0.088127924320379206	1.218715020350759	1.6294082552237648	-8.178187061432932e-05	0.0006988377475439275	0.39517015270919398	3.1433235487241817	0.14142121312578632	74.51804745213077	327.25377400369393	-0.0034661327447673535	0.035195407152670034	312.11614405050028	75.450202524011246	1.5744463667102229
0.001514806173881925	1.2183316526050685	1.6294744796157445	-0.00040844504648587099	8.0353398454689444e-05	0.40650876608741071	-9.9996642767735047	-6.7814788319497197	74.667875455600708	327.21231007771826	-0.003495153935579782	0.035192738851200819	313.89675050676374	18852.97004075439	1.3736661290537511	1.2173758980894196	1.6294082357366577	-9.661090549567555e-05	0.0006757228867485896	0.38282202381708103	1.0088258669159205	0.1951099321895899	74.74266544689512	327.25458268779533	-0.003480837486506882	0.035178063984450114	309.02695244472403	-469.67797661974157	0.0606440199257946
5.4076359565132465e-05	1.2175018470654062	1.6294259331071681	-3.0325669927041415e-05	0.00067177077253811901	0.40755663256160413	83.239283655259726	0.0049340372239775852	74.669565296061123	327.22388090531973	-0.0035245055395950842	0.035169897758534803	313.90042962504344	-435.15088292315028	-0.070484451833092418	1.2163986505720386	1.6294018978895861	-9.283719816657044e-05	0.0006803776495888152	0.38479216540166039	5.5519605073708744	0.1639494386774558	74.80736273523193	327.25452144578122	-0.0034694162450423062	0.03517515312345467	315.63555378017833	-690.68077325613115	1.9846425056707897
4.8468427882065402e-05	1.2174609559928637	1.6294256799899842	-5.2124105997575508e-05	0.00066989206385759223	0.4075513211332546	377.70802706568242	0.0053276494594368465	74.669822169256733	327.22264869620022	-0.0035266622496581837	0.035169132675544966	313.89842979315102	38.574545314874378	7.2933313871162708	1.217154306655551	1.6294055129722045	-9.602306292380111e-05	0.0006898639313921019	0.38494020809531915	37.539490282492196	0.15221631913241887	74.64695360294866	327.25402958959279	-0.0034609582910320796	0.03517370740884761	311.72404772704687	-60.840890375293931	4.970059719101604
0.0015160939122064875	1.2203820123815119	1.629507292941309	-0.0010701339918840864	0.0011000568644773539	0.40760638421727363	-6.69940277341595	-26.92149468681815	74.673945021724705	327.22590412713777	-0.0035065384005840152	0.035170059980407335	313.89829268078262	17506.744509858781	-13.885722941732757	1.2175194716389977	1.629405568408397	-9.866881689331234e-05	0.0006825374445468558	0.4031241684836902	0.068857779835797689	0.12899825912854526	74.74291645076096	327.25361562593162	-0.0034732677212232477	0.03518626712376986	307.76074575770207	-15.548506213328649	4.760669816767625
3.3697587357997003e-05	1.217484189316828	1.6293975756100072	-8.8702605877887295e-05	0.00070042524220590764	0.40749480439607944	-0.2113101100176823	0.16975714557542426	74.672960857255831	327.26134672867255	-0.003454882903797652	0.035187755981882708	313.93994399710061	16.373664026680942	3.0984414269350524	1.2186884104300835	1.6294028607366198	-8.663982489817174e-05	0.0006709913151566339	0.38569341910781108	0.018822594865485511	0.13842045358673893	74.54333953177093	327.25489782734905	-0.0034803624151270997	0.035196604733960885	312.47391416240822	-2.3794285347447834	3.496384993773974
3.6915987236482805e-05	1.2175104030848423	1.6294191242315119	-6.79919156768819e-05	0.00068154309493462901	0.40753788335439656	0.17478559834170412	0.033930130830457907	74.670126140798658	327.23232174760165	-0.003507455239715903	0.03517473692559097	313.90941223895953	-15.441923571194065	3.2708351147542789	1.217260497913489	1.6294090336674623	-9.1543564336425e-05	0.0006836741689254351	0.41283427889399044	-0.13893106516951315	0.15421371087344243	74.6973025854176	327.25454957320426	-0.0034589123679392305	0.035178928671260365	314.08800852355728	60.252600913349539	3.6387877564527904
4.8664028072633912e-05	1.2175182541748821	1.6294255860616806	-4.1145883523611735e-05	0.00067599889448113925	0.40755211411737408	-1.6646787960659892	0.0011089772115956715	74.669188996629259	327.22112525518958	-0.0035275776658708737	0.035169453008837788	313.89767200606514	-56.005291751855204	5.6744079158087501	1.2171428847547163	1.6294016311500772	-9.827631789433192e-05	0.0006827166316066238	0.38814218660895849	-1.2206311136012111	0.11945720715707375	74.84341329146069	327.25401936666231	-0.0034513360712258288	0.03520966914509968	309.7296902050482	218.17154028238937	5.831665206719754
5.0189159723379762e-05	1.2175365858912972	1.6294257797250813	-4.7115541391332886e-05	0.00067670484688729389	0.40755478358245795	34.02348155860529	0.0015438583048873161	74.669223616191459	327.22167752449099	-0.0035269211238620254	0.035169675709290929	313.89827455849559	272.51007257181618	3.1469982892225259	1.217836182852904	1.6294059219707604	-9.348916879292434e-05	0.0006813461708683089	0.43455254634783558	1.9630105837027303	0.12954312126290174	74.72821632828528	327.25401522721421	-0.0034749348173237966	0.03518999155723028	315.2813507573606	37.277064344605733	4.500486879887821
0.00056118605488546095	1.2175852972165879	1.6294325698728462	5.3302035559201203e-07	0.00074452299049794079	0.4074005344649913	-0.001694125761606699	0.1570113065447373	74.634975575626001	327.12193134813634	-0.0035847746412735991	0.035206131076091593	313.84197993618096	0.0009308693442750055	1.5690893696952077	1.2180571443966541	1.6294035113764285	-8.67057879721786e-05	0.000678320768418993	0.41916476039044076	-1.6002194503358158	0.1457099627460629	74.69947005095888	327.25438948063385	-0.003473289032064703	0.03517261373831084	304.33978048540996	26.665713769412079	0.6203176675832243
0.0015689046167521252	1.2155891756885622	1.6294806859084998	-0.00039144057961236657	8.7762406458108793e-05	0.40763892454122941	13.597333531073529	46.241191159906826	74.664177309600475	327.21173794693425	-0.003530385147823928	0.035185143287767992	313.89644247063961	130852.34131476782	5.3551830587953146	1.215765303354505	1.629403801776885	-8.539000855699091e-05	0.0006756291123907678	0.38132468235714362	-0.19192309081584805	0.1389761345908528	74.59001457294062	327.25494464966516	-0.0034731438345662873	0.035189707093209406	309.69358364523089	-211.45123042489905	3.603228322933557
5.5636349793777535e-05	1.2174748280635264	1.6294259736636467	-5.3731634777929755e-05	0.00066952130314271716	0.40755732333648392	31.058353369217102	0.0080843431929557077	74.670018741153172	327.22507330705071	-0.0035238577781646794	0.035169553922552291	313.90109447998219	-117.9005004792389	-0.12256937061568983	1.2168117881591447	1.6294059281298177	-9.800886411692487e-05	0.0007015176754008054	0.40860880193231508	13.700944614290986	0.15568954849100045	74.5867066298798	327.2551052424871	-0.003463111369129975	0.03519651667602413	308.5554793601089	133.37495470754652	0.07515611189058805
6.7665130097063097e-05	1.2175476588060403	1.6293858737813807	-9.7980885006583866e-05	0.00072050030212559972	0.40744454519691276	0.049035703789668587	0.30034945300450627	74.673117124316903	327.26498213407217	-0.0034432494740257685	0.03519018369570788	313.94550945831827	-6.6093125606587888	2.8939860152724757	1.216700427417624	1.6294087955685177	-9.356375369740158e-05	0.0006927947621875467	0.42831465473202102	0.12537016825269359	0.1286742070732768	74.72413964594665	327.25522045043755	-0.0034886840798623617	0.03518614813125515	314.72469998156208	-0.82552058165217812	4.080267490514194
0.0019576533835275424	1.2175391908227413	1.6294473429114567	6.4622750582912059e-05	0.0012486254667765468	0.40740461855272647	-0.12393326565010462	-2.6505856940863168	74.67908100653419	327.23452469507794	-0.0034933813233378862	0.035157408118680913	313.89959850848891	-5441.0998434537787	4.5834074909711005	1.2192745611915556	1.629403008465546	-8.763439615767273e-05	0.0006876918351336084	0.40412138191613789	-0.66956877985852359	0.15047791819227263	74.73586470751098	327.25370006012412	-0.0034813738070041825	0.03517956680608065	312.91210429260008	190.40596953007096	4.616876811064308
2.7258301296053294e-05	1.2175051199457121	1.6294030535640023	-8.2811072120683385e-05	0.0006858891982611773	0.40750303718807901	0.102366416249474	0.12780172651782654	74.672618131890047	327.2559018262229	-0.0034651100729312517	0.035185152561594754	313.9341672038791	5.6037937162345486	0.049280263036294486	1.2165721850263678	1.6294034401825739	-7.853615481974158e-05	0.0007118342978165945	0.40976602331426853	0.30347877677874696	0.15392347738605094	74.65374317126593	327.25487179027056	-0.0034791132145708826	0.035193273981974	310.98334781342737	43.262981014487757	0.53537811737911
0.0019334424240691958	1.2177226547542268	1.6294339285066608	-2.2382773863351513e-05	0.00086778342706551371	0.40666226978031156	0.0011050929201913502	3.1510272956755805	74.675514664875692	327.22681424688579	-0.0034862315242451601	0.035164520485168389	313.89778888611619	-801.52535047270203	4.876639356548095	1.2183919592964796	1.6294065485205222	-9.26956882616721e-05	0.0007101595771391987	0.40858872354672321	0.66735843427894437	0.12881955667094397	74.63020277769054	327.25398552626274	-0.0034730110167566614	0.03519338884296013	312.93065167031165	53.749615205028107	5.194677951049446
2.8504745001492463e-05	1.2175062612045671	1.6294091901808849	-7.5336016391502655e-05	0.00069140630403525952	0.40751442606697535	-0.086185469603650089	0.090976684716733286	74.671607860437845	327.24748303171265	-0.003479583068780804	0.03518161781631881	313.92554946284645	5.2860885667529915	3.0454889331179138	1.2192433085880419	1.6294017994354815	-8.657201915864957e-05	0.000696933246969808	0.41649778966377965	-0.57925128130746717	0.1898583694454279	74.65293527036557	327.25453646608997	-0.0034718162126253596	0.03518907819339601	313.40026865338604	3.3264675974254425	2.8678324211443154
2.5720260007155259e-05	1.2174885332493448	1.6294027767351953	-7.8746332705077174e-05	0.00069101985775981019	0.40750180912861461	-1.2956129115750006	0.13175506527876776	74.67274123633365	327.25711866040086	-0.0034628715523452426	0.035185766993115659	313.93563053809271	-75.608750154660655	-0.0086424951837079152	1.218817667691455	1.6294041979010119	-8.177665527103886e-05	0.0006933119900721161	0.36475192164514486	2.0907405749192152	0.14061596041214514	74.6333547417827	327.25394084426352	-0.0034793857925968855	0.03518808299114374	316.20899577278971	138.09409878171959	0.3185108216959943
0.0014498967852805834	1.2157052703545335	1.6292829256717705	-0.00011644871774764208	0.00072510066249495593	0.4068020242700664	25.500456394264621	-1.5705863376556972	74.626308191605645	326.86296092586815	-0.0040614278422685078	0.035050286409901828	313.52504946076897	781.65043957298519	-0.011683851427849537	1.216519929991922	1.6294055388181754	-7.914498195748761e-05	0.000685581754327007	0.40361538466719743	6.2624023462730456	0.15604703271487183	74.50877995110389	327.25502204220726	-0.00346886307486448	0.035186233984847826	312.29042955573397	-3.4620803249879222	3.607885316164917
0.00018947346676644335	1.2173788825914638	1.6293167353381539	4.7988097241703725e-05	0.00071454864107539727	0.40730516022765934	436.77536160824712	-19.216354964963436	74.670270205635248	327.2178082873225	-0.0035394263725505156	0.035165009201529804	313.89202962673858	26267.109225025688	-6.2791549910437867	1.2175073581710636	1.6294065417162196	-7.419170458339252e-05	0.0006876334671033841	0.39155400765997611	-0.47802320154999561	0.12138445768386197	74.5999564365062	327.25521367029967	-0.003493355505100519	0.03518345793316719	303.6558821397532	32.150644208802035	0.3189287297123925
4.9672952406414572e-05	1.2175300176756598	1.6294257480807179	-4.9699648178477945e-05	0.00067551344720912713	0.40755238937944477	55.253862182370753	0.00011838438120001343	74.669137578783932	327.22085127562917	-0.0035280928265771921	0.035169358663759358	313.89735253576379	23.017406644758044	2.7702361426280966	1.2164014771601548	1.6294075131478858	-9.841353990016987e-05	0.0006849495145124602	0.41736506723931233	11.588559796724171	0.1810086233158222	74.75625123091125	327.25443391582019	-0.0034629387848980897	0.03519342394403254	313.02755563035339	-666.78165356465433	1.8401576431916404
4.9994112571009571e-05	1.2175387969887199	1.6294256456645002	-5.5013313834242139e-05	0.00067475695981745521	0.40755209943519166	-1.1875348130317858	0.0012311017304225372	74.668988372635866	327.22062360285531	-0.0035280360200055962	0.03516981216654852	313.89735696347731	8.3762701816201073	3.7798049416635058	1.216378867776801	1.6294036001968966	-8.153378380907165e-05	0.0006687808069554572	0.3869919806419449	-1.8330841520037939	0.10931850454631263	74.88098257789369	327.25407930906829	-0.0034614184227290726	0.035164144193244644	318.87204192904892	-25.094703006168192	4.175042671744535
3.1363464837107727e-05	1.2175134650711776	1.6294013314994378	-8.1207013672524711e-05	0.00069726365707554604	0.40749909356546926	-0.0010705887057364126	0.14173445771916995	74.672629728535497	327.25706925384196	-0.0034616320509676091	0.03518592506078394	313.93578414223157	4.8818539448318896	3.2050988127827367	1.2158781348045289	1.6294071670106991	-9.454720976287257e-05	0.0006903060995526745	0.41738251471559601	0.2301199135277035	0.13247146178457594	74.67594207597564	327.25501113222373	-0.0034840932808487277	0.03519553427145203	312.32573849550204	25.212568247414882	3.6083598425339445
4.996128167722374e-05	1.2175327669694331	1.6294256936206404	-4.66672291617797e-05	0.00067648994717779286	0.40755561737082541	6.1648161863479283	0.0016599914088355247	74.669320091489652	327.22181557110855	-0.0035270084346094633	0.03516948939891916	313.89831096428924	205.18732555719401	3.0060673848439148	1.2181364179720278	1.6294067281588591	-9.001549520519801e-05	0.0006988771536129432	0.41673134398230144	-0.01868677474054721	0.1512465636913145	74.76480639609623	327.25448334104317	-0.0034486250669468065	0.03518548096686281	314.28304643223015	335.45476939016032	3.030697667751694
5.2354496696353413e-05	1.2174360972667351	1.6294251607429573	-5.5270929331737641e-05	0.00067393303617263817	0.40754011909453958	424.18114370753347	0.011202905429818579	74.670137930414299	327.22748528623583	-0.0035189161662209346	0.035170974454601149	313.90415915632656	562.14466996653982	0.17845559475585915	1.2173155698377924	1.6294041059443967	-7.814085023166649e-05	0.0006843226814490858	0.41880129724259652	-11.506336036612877	0.14096385952663457	74.7314137333838	327.25518333105373	-0.0034753008167225825	0.03519179703846198	315.54426095762733	65.083957202186724	3.51694226338485
0.00010973090040467715	1.2177281083812608	1.629423750719539	1.5047682532830095e-07	0.00071171029677385218	0.40752159709991853	12158.524999388164	0.042050436386556207	74.673016530761174	327.24495878928047	-0.0034951035162407822	0.035174713321472269	313.92168122368525	-947.02066119535971	15.673024470706679	1.2152818554760982	1.6294042413573688	-8.163647844575663e-05	0.0006943486954186963	0.38277169798471022	325.1039319672667	0.1555067700620781	74.69403019888811	327.25507532035607	-0.003474883670712261	0.03519309711851289	316.63466408190743	-8.1639765005536518	3.745870816325795
5.5965316467452426e-05	1.2175635702704306	1.6294256954794364	-4.1114703076947213e-05	0.00067999339406228123	0.40755311494582602	-2.0820386133906448	0.0029902873718121734	74.669719937340219	327.22303275592401	-0.0035270822924231135	0.035168480717024567	313.89861541479536	-79.051215320012219	0.72854264320403783	1.2162196201142625	1.6294091277371139	-8.102817668742753e-05	0.0006809733533851747	0.41446715367363335	1.5332590518057285	0.12084443914465796	74.59086928373257	327.25440582902104	-0.003475124684500235	0.03518074530529673	315.50713470711923	-92.364005682889641	4.1010651547095485
2.7690355207166399e-05	1.2174935239043536	1.6294060305597791	-8.2059549397873056e-05	0.00069253619014805941	0.40750536781806468	-0.21943156384571089	0.1118113296864811	74.672119876674387	327.25226848213049	-0.0034710704862791716	0.035183712362517272	313.93052539880375	9.6573217270179335	3.0757575771591514	1.2170562907474989	1.6294042704431557	-9.538335627112822e-05	0.0006906965925603065	0.417797380160567	-0.80473021731277561	0.1262299910827244	74.7216192253463	327.25401768892107	-0.0034723251395929904	0.03518756822690478	311.5124150627725	12.367487272816106	2.963904407082447
3.0419437530183756e-05	1.2175191511131644	1.6294105354040995	-7.3268097500686511e-05	0.00068930693589411122	0.40751784820863618	-0.0027009447499770677	0.081947513713950301	74.671499563029556	327.24558071635801	-0.0034835020129200117	0.035180539598876508	313.92339241122568	4.2943971675017645	3.0601816821441399	1.2185154663722653	1.6294070822964606	-9.526513731149108e-05	0.0006886064523060875	0.4199994788258814	0.61634559049872606	0.13375913947520976	74.74431325528474	327.25365408930708	-0.0034571651004316212	0.035197449014079445	318.43671850323722	-8.6522031243574915	4.2308624408614275
3.2098590004737954e-05	1.2175135415179505	1.6294006460512072	-7.8950558224111177e-05	0.000700441263532051	0.40750129864712065	0.00051018006771766323	0.14634503505615598	74.672748911628403	327.2582878353935	-0.0034601351152689611	0.035186271005173228	313.93689753125489	0.3208145664336633	3.1077301929125101	1.2196301893638062	1.6294026658318219	-8.28537383371755e-05	0.0006832039376415516	0.41976076240998073	0.004475751995374296	0.14563467974925443	74.47119078154475	327.25428192927944	-0.0034687570552613296	0.035186084527067424	313.97318482093948	4.2736394903170849	2.1925311857581598
0.0018039998952929137	1.2182343325341567	1.6293792557489772	0.00019247357525924269	0.00081707290210410698	0.40667188736661314	1.2496685908575889	2.9667015418986988	74.67452844034483	327.22868533023052	-0.0035183986691545307	0.035156257651226895	313.8980127073728	2923.647336334705	0.81430357652901442	1.216976972065876	1.6294094757545623	-0.0001025407111033447	0.0006936038984872979	0.36011459660705536	4.9256516718822931	0.14036025028631002	74.69679024232333	327.25464108600875	-0.0034719925451139116	0.03516253411779528	311.96097900903192	1.1626987559908248	0.11653659234430944
2.468981016240085e-05	1.2174894905285738	1.6294067545101689	-9.0325266055396559e-05	0.00068373264369438885	0.40750878763549719	-0.1568749711757591	0.10440387494703407	74.672031831172632	327.25071161525904	-0.0034740760163927968	0.035183210409235791	313.92891628156804	-4.97018958575842	6.1941119835087681	1.2158203697597512	1.6294086171704292	-8.168131576277033e-05	0.0006654203469308635	0.41605061098737484	0.76247481283448115	0.13886710399887225	74.77077510860596	327.2545806283826	-0.0034814585188560777	0.03517484267046043	313.70296483442104	20.214661374514655	5.721197869815864
3.2792230170078249e-05	1.2175190704718257	1.629407203956956	-6.910218836224429e-05	0.00069189429564481101	0.40750932209819218	0.00036774351320160574	0.10318940696953519	74.671783069467494	327.24944312393484	-0.0034747559090960284	0.035182813229213523	313.92800896783081	-5.1385284550926658	3.0318524217547194	1.2172312624272636	1.6294070470261539	-7.611515463380023e-05	0.0006702731562006224	0.39372003541415684	1.0881690341111026	0.1303163575559571	74.70452382053556	327.25382280779263	-0.0034601041213528443	0.03519578406644422	316.93498161252438	-61.604254834298729	3.6171314555186846
0.00024994555548450389	1.2178147415989462	1.6293664325805155	1.0199522101269287e-08	0.00071141535718051365	0.40751224101451716	-49.89110849856781	0.38816674265568196	74.670541623772763	327.25902131525834	-0.0034454255063191505	0.035196311697801845	313.93962461116882	-4142.7735408877516	6.291578627207091	1.2169015012617164	1.6294072028574926	-9.61227320100773e-05	0.0007010988324129036	0.40900789616336741	-1.255797066457774	0.15451630418790135	74.6243951572871	327.25479463297461	-0.003464476048089116	0.03518823837246807	315.24519721471262	54.90783312263671	0.27555681682394745
5.1806080421575844e-05	1.2175386932847487	1.6294253775091352	-5.0767801065252255e-05	0.00067696132711528745	0.40755953871524614	1.9149156732933024	0.0018162966656346997	74.669757289744979	327.22257260556961	-0.0035277081602829636	0.035168527498701189	313.89841952814186	234.213597377925	9.3365210237879346	1.2161157955416293	1.6294083729849196	-8.604630086083568e-05	0.0006836451288319866	0.42384329863045966	-0.49948996680402874	0.1591456148970596	74.69833273189579	327.25466917822132	-0.003459222217059834	0.035184444012095806	313.67342740175133	-42.009222195460609	5.040344043517508
2.8650768924605135e-05	1.2174744867371299	1.6293987105797401	-9.5834548524064743e-05	0.00068842390708138566	0.40749135014715482	-0.29519999099161243	0.15962549356450759	74.673178128937849	327.2610348775367	-0.0034557569693844732	0.035187562770704763	313.93967022901541	-13.915131573351353	-0.043181071684135916	1.2183486008531395	1.6294040182205938	-8.930588955491958e-05	0.0006796714737980636	0.40725581417778867	-1.9870150293710784	0.14971118953241663	74.69529873996413	327.25418752820116	-0.0034608319258749277	0.03517462221543075	314.26019152523634	-78.03379745623181	0.05876542195981063
5.0096249467597875e-05	1.2175417257246788	1.6294257656340947	-5.8935148962369801e-05	0.00067562720232731282	0.40755288157268876	3.623083466644013	0.00058198534329266961	74.669124293493624	327.22090413141814	-0.0035278810539916355	0.035169492826583694	313.8975015333765	-92.474775621142356	1.7270167177755449	1.2169844742025187	1.6294036097429416	-9.234185874721683e-05	0.000704579506172862	0.38481262846214481	2.4500299846934119	0.16396222485563103	74.6376231159318	327.25352507593851	-0.003495385574313924	0.03517887077761772	313.33283693833249	-20.272615314840078	0.870100378273353
0.0017507948524024923	1.2185614449567568	1.629356847138195	7.7488495270958482e-05	0.0016449065946567355	0.40878214003177793	-1.6055223003831089	-3.3435916493529922	74.665300717376155	327.21690352650739	-0.0035540959651174063	0.035173395871159432	313.8966378795663	-4839.1515749536957	3.2966477991766401	1.2179196665745273	1.6294022237484904	-7.181799640725164e-05	0.0006916324675992485	0.41310289748841988	0.39477367258189322	0.14366299051774037	74.67179023547632	327.25495839309275	-0.003468092443629671	0.035190182467413025	318.14927818892511	-38.289086673638806	2.0347260431201724
0.0020234001476317764	1.2174764684808708	1.6293918782102432	-8.2580886464271344e-05	0.00081485527877588938	0.40934342077963976	-0.0059221112166257268	-2.2177342337579327	74.666739190754612	327.22164149620471	-0.0035589239956536128	0.035161924851000843	313.89752805346376	-751.48288012971466	9.9510918304186653	1.2173338721515499	1.6294035515799681	-9.211419461707105e-05	0.0006915945308018608	0.39016361258163901	0.045856905370193983	0.12852967163608112	74.6846821123402	327.25433937577731	-0.0034748720298982596	0.035177906081138584	311.67178575663587	89.620741248771154	4.800949407654353
4.9151416248421349e-05	1.2175246200988232	1.6294257586677914	-4.939779811225348e-05	0.00067646124365269844	0.40755338111224176	419.10750973440173	0.00027468396401190336	74.669117112074403	327.22092010536545	-0.0035278014014811392	0.035169520226387446	313.89753162513381	13166.961015470735	65.182063943487705	1.2170455307732775	1.6294023810947276	-8.272730791609942e-05	0.0006826632121739847	0.40510554991403563	-1.7570731776100177	0.14181995562551233	74.7221484809486	327.25418672351088	-0.003471383948301609	0.03518217340309869	313.04684171738808	64.356148636625306	0.8280906144304819
6.3751242517130449e-05	1.2176012080761496	1.6294180245931915	-5.4534297593585154e-05	0.000683562578576829	0.40755223825724735	-0.74432414934962854	0.047649153734223772	74.673198754556381	327.23804968733992	-0.0035085296206489292	0.035169710118973289	313.91072377892135	-0.1084176491286699	3.2155933836684927	1.2201229353059078	1.6294014362247899	-8.883577063465606e-05	0.0006663462570507523	0.41554022446841082	1.9093572580808997	0.10293520588666943	74.62022577009813	327.25382048989167	-0.0034621283945141246	0.03518658710783661	316.73550845185366	2.6928736584421702	3.425528612608906
2.4653259859355516e-05	1.2174776047951879	1.6294048521193425	-9.1218364488509612e-05	0.00068331272570193891	0.40750669100635661	-0.35591903709509176	0.11743679892118387	74.672542845309408	327.25411964096827	-0.0034686495773946879	0.035184203835207956	313.93227575847618	-14.295549398121272	6.2404311722733388	1.2163500947936141	1.6294070612292613	-9.871398481776776e-05	0.0006843271357399146	0.39168526695376699	0.45250855676012741	0.12315517309973634	74.58100759797865	327.25370749628479	-0.0034792344490742833	0.03517951416302949	319.01427562599179	32.505176716765867	6.237884060598024
5.1042777401324877e-05	1.2175106997163256	1.6294258949805662	-3.9778468398385153e-05	0.00067380664337878882	0.40755501072595829	1076.5791448397831	0.0031639339319284839	74.669376961854113	327.22271615695286	-0.0035257275711028228	0.035169773073911503	313.89929894535499	-617.95347414647711	-50.35740048758457	1.2180175114451581	1.629407692361412	-8.94736262012029e-05	0.0007017547623929956	0.41219374412006238	-17.452124830377375	0.13339095095916667	74.64524521099862	327.25511137650352	-0.0034509646447653994	0.0351883282987634	315.98178312613447	-17.655062182877039	1.7414392288992409
0.00049579486508089844	1.2165493086865138	1.62932092086183	-0.00013817741167870942	0.00072595602323558353	0.40715088327326976	2347.1853415322707	-75.330239252673735	74.6708116382881	327.22076994442705	-0.0035285270411412038	0.035166358616233066	313.89520942209538	101801.00733621593	0.015128098050178661	1.219341074726578	1.6294041168890252	-9.073125569642228e-05	0.000688136996544095	0.39619555060877493	6.2131417908534958	0.14024557596104748	74.62320102438098	327.25448918869057	-0.003460471159926513	0.03518003364351341	317.84709964946245	-312.47791687954771	4.131567694383753
2.9323349074646993e-05	1.2174993845971605	1.6294096235668307	-6.796591788041732e-05	0.00069068082800949424	0.4075135135834379	-50.375211312924598	0.089193009408877824	74.67176204883377	327.24818906292677	-0.0034791621969891906	0.035181622560946209	313.92605198943153	3031.499021052929	9.4104874356411354	1.2165926662742597	1.6294080540223101	-8.665801187096504e-05	0.0006825318372807678	0.39778288124662076	-1.0443613458952525	0.12704930775259995	74.66136547768248	327.25467344907139	-0.00346315177434222	0.03517978735457572	317.46653768753725	-104.07839454644996	5.74301747840439
0.0021309187077640478	1.215558432467297	1.6294716205908402	0.0026509856922758163	-0.001339011052052739	0.40717400656819552	-3.8429249563866503	-2.1002901413598583	74.653826006257987	327.19419264267191	-0.0035277175913680349	0.035210081580112372	313.8930866852499	-5199.0447523804842	-8.534641406467399	1.2187253831323932	1.6294025954017606	-9.87192907582726e-05	0.0006847050601496192	0.41012703984052595	-0.21700211615755735	0.1387653262665208	74.61456225949647	327.25362523902169	-0.0034698080197997586	0.03517489678986847	317.51138484853522	105.18769392527157	1.7141855765149185
0.0017688144699910223	1.2153512780218614	1.6294641357568864	7.1613306520723944e-05	-0.00047597924857914367	0.40755935100017288	8.1514359639435821	1.6628480231748468	74.704277176869155	327.28531408272249	-0.0035647259593855258	0.035092828784912211	313.90957454009225	8678.9887769868055	2.329334831561829	1.2197607964006854	1.6294075675396265	-8.83233283984548e-05	0.0006999020506711526	0.4037281430860703	0.58748453555386349	0.14214834070201587	74.61496040978894	327.25479630079593	-0.003473890103199972	0.03518667525511173	315.43285476818698	-230.28076276932285	1.9967772296940935
5.0875277481089019e-05	1.2175022587874071	1.6294258240389601	-5.1257728574371943e-05	0.00067434816579886429	0.40755219439477208	-29.999305240988715	0.0027599670105064068	74.669412374571095	327.22225177343216	-0.0035265898309180116	0.035169545355740427	313.8986407347623	118.11676495075226	0.25658447308303972	1.2162694020602727	1.6294077283228667	-9.51528457849713e-05	0.0006769730132886739	0.40024748906876423	18.947234041951035	0.14330214674957484	74.75844980458474	327.2542479160582	-0.0034771515714639785	0.03519690294006489	311.90367067498204	208.69106350802005	0.06389409062322088
6.4746190874477079e-05	1.2174490842940286	1.6294258247046838	-6.0362208071220602e-05	0.00066500173136468152	0.40756236695771253	16.487178157285616	0.012537760830102298	74.670409320291085	327.22835496516745	-0.0035201658050857793	0.035170163979364288	313.90457703500556	-221.00966627995635	6.2182101578747826	1.2182438304847727	1.6294083954666823	-9.871715403099733e-05	0.000693650947098099	0.40559424326268884	1.5381039063445512	0.1438896254433352	74.68390205512647	327.25501386451401	-0.003480971763946589	0.035175798751203725	314.34768586608953	-156.83411914605907	5.919575004445767
0.0014859495949961559	1.2179027962463993	1.6294264227874866	-6.1652729995668879e-05	0.00043491999508280438	0.40797795066986076	4.3919205753521924	3.1855272391905314	74.673498618779135	327.23101798748866	-0.0035442839850158103	0.035153088584488089	313.89809733039499	-6578.1706255438276	3.7534577816734225	1.2195294840163795	1.6294087477179422	-8.796540724327281e-05	0.0006914462519112228	0.42321831520680608	1.4599582686354518	0.13517093155724708	74.68821307420046	327.25507734603195	-0.0034738661748029372	0.03518510192995453	312.36624020315611	-377.98344800284008	3.5465099591941267
6.627090940466247e-05	1.2175276954601686	1.6294257442252689	-6.7236358948746965e-05	0.00066499305682794188	0.40754605988798931	1884.9339299310993	3.9347926785034439e-09	74.666548808682421	327.21602240725099	-0.0035258964463279465	0.035175672987649974	313.89663661161325	-14873.037823793667	1.5801385652900315	1.2189122085612771	1.6294068418576049	-9.269811473777917e-05	0.0006987781509174334	0.41462025993090251	6.6904522942115987	0.15222554215836828	74.57457195662523	327.25510659387419	-0.0034672220380086204	0.035195241770130926	319.00755018064456	-70.475960085083599	3.1189311009461163
5.0765303336060378e-05	1.217517147128965	1.6294251884782411	-6.2023481179932635e-05	0.00067455255423854604	0.40755350736713081	3.2327697423022514	0.00030202084996316865	74.668771244927171	327.2198853806139	-0.0035280755487672863	0.03517002610799267	313.89681844522136	-2247.7687968511195	3.0689315133760706	1.219961607856767	1.6294019399131574	-8.546369678206628e-05	0.0006939290182867993	0.41681317516499439	0.91693374189061927	0.1302341476276141	74.75075154944042	327.25447918165821	-0.0034667711145674857	0.035185836962009664	312.79529998559644	-189.54331695077133	4.766111425583782
3.0433119758822591e-05	1.2174753283750985	1.629397344261688	-0.00010849319739767891	0.00068749666339817418	0.40748504390490198	0.51931410351719542	0.17250030366871039	74.673359970477037	327.26324233668385	-0.0034519321111291467	0.03518864071432401	313.94205977770713	26.068184340262871	0.015337528531849864	1.2193264759846953	1.6294028430542595	-9.770712097402697e-05	0.0006914969918745607	0.42202854198308337	-0.069421412471655813	0.13047403519590248	74.65821939725853	327.25423325044341	-0.003457538382955058	0.035186457537800496	313.80646174270208	-7.1981921027907285	0.7584331073843651
6.760194755781767e-05	1.2175345687089785	1.6294257333086057	-5.8559114243443088e-06	0.0006639173668778047	0.40754741095530272	-1.0891261356151085	3.4171886229706168e-06	74.666721310808967	327.21637143358254	-0.003526086268299148	0.035175191866512703	313.89668388711698	-273.38867128204345	1.5786731523983721	1.217871359553323	1.629404460020764	-9.329767824987815e-05	0.0006875481257014664	0.39163006290785046	-0.57871235462575232	0.1171866572739334	74.65081840883092	327.254063553207	-0.00345129043706057	0.0351785520663985	310.51822411301094	-167.07626175292171	1.860557091723891
0.002084229233078399	1.2184079619442389	1.6294490679338747	0.00051185687179094942	0.0020772974407620107	0.40837230322676649	-0.3026569961072299	-5.0399736377522899	74.671166815370896	327.22009450004902	-0.0034878228863865933	0.035171071690305561	313.8967776187626	1346.7644979573354	1.8557233893643734	1.2176610514280197	1.6294084077990474	-8.013562171063467e-05	0.0006921271249716283	0.42734433199864641	-2.3304653061943008	0.13955650862651212	74.67015828576272	327.25386559763035	-0.003463003148748659	0.0351979428194129	313.27512242867965	-14.157643563897327	1.647833054098871
0.0015662821811205641	1.2173669714360562	1.6293575794808746	0.000128687458825022	0.00025865307236189487	0.40680294239240528	4.4815312367866369	-41.874116365282028	74.665338436054355	327.21439522127389	-0.00352953710058043	0.035178941593907997	313.89664097069073	-1944.4998514989704	2.427344552057058	1.218026345680175	1.6294077800888778	-9.594481366655942e-05	0.0006896852956547603	0.42749560652149665	1.7461050905547197	0.18096228616739776	74.66156440118947	327.25491371800933	-0.003461309124483109	0.0351678167088853	312.44552873615623	2.1363217697225436	2.2004852024972803
4.5246451147576626e-05	1.2175478804222684	1.6294260131624336	-5.5210543789981274e-05	0.00067222703190680127	0.40755751503631588	-2.746336503242468	0.00032513723518160745	74.669480840835718	327.22108072484775	-0.0035265967207910474	0.035169199071784285	313.89838561430321	3569.4551866307711	5.530666282033617	1.2169470812386074	1.6294011124193535	-8.65468601955801e-05	0.0006846959491641584	0.4201624123198146	-1.1968013665836135	0.12869458544218376	74.62071036382521	327.25401023172526	-0.0034805541810507446	0.03519128240906795	310.82761901842679	-314.54505453708651	2.991263464056814
4.4848672423128166e-05	1.2174883997022854	1.6294230944377983	-5.9838235165051256e-05	0.00067887671875750026	0.40754334815430854	-7.3512928197720706	0.012415487667638486	74.669601875758602	327.22533007560457	-0.0035187517538106897	0.035171793012842345	313.90253867505078	-423.85328433402583	-6.4094210883926657	1.217195786360775	1.6294091483396067	-9.584898133720038e-05	0.0006946725058048886	0.42435888693653018	1.0278609629295996	0.12793035298396185	74.61985725036301	327.25416374959195	-0.003469040940074053	0.035196240033242336	316.82070416656632	55.123277507895672	1.168629445368236
2.7336887353825175e-05	1.2174896071547745	1.6294056769701246	-8.4797857634089392e-05	0.0006941279484439898	0.40750693305252417	0.14289739850703154	0.11442741676571676	74.672020234250837	327.25218317779007	-0.0034713240377393052	0.035183741961667542	313.93040804665839	-9.6327748964962066	3.2416815527864444	1.2159348312239893	1.6294034022894603	-0.00010635137936194564	0.0006704678207335419	0.41821840735082549	-2.4581549355457306	0.15882975737641808	74.6359403609608	327.25506196515602	-0.003468313096050219	0.035187045627564806	310.64088893966425	-14.342665150633559	2.8650395948094833
0.0014470919406587553	1.2217385828223484	1.6294966280185887	-1.9079864796888832e-05	0.00069701235442165641	0.40715759690814318	83.35347734002616	-27.487658677109753	74.67200907793945	327.22294074412406	-0.003503991636139805	0.035174904195998745	313.89788522791332	-39584.044764516424	1.5786204976990348	1.2190616176509124	1.6294031562390368	-0.00010148341328542553	0.0006802419953472364	0.40374357844703945	0.81020534596697535	0.14561208358921524	74.62672293974997	327.25521406924048	-0.003468832245959845	0.03518774891796959	312.14937116044263	-57.592616850387671	0.5408010445250171
5.0682261234930003e-05	1.2175324109258139	1.6294258164095827	-4.3648051003634855e-05	0.00067751176574720067	0.40754898562519865	0.01160029859326785	0.0046581319162585701	74.668525105075631	327.21864520433877	-0.0035310937620381261	0.035169064814757699	313.89553255926234	22.43801820345881	2.0005626593388151	1.2156000055816536	1.6294074957571674	-8.631944395995578e-05	0.0006811854418924589	0.39675451407461426	-6.7269377758531119	0.1214615444148988	74.63123027476396	327.25413602952307	-0.0034784925713449238	0.03517699139086103	313.82470216273077	109.7733831269821	2.371754930547044
0.00024347402544355184	1.2175609455144105	1.6294289129189172	2.5309897695002098e-05	0.00071773741157966735	0.4074861892365495	-2.964155878288419e-05	0.063659286176470042	74.65550225660435	327.17693273852831	-0.0035625552460001888	0.035177815781020298	313.86934542313526	-2.3992154696878396	1.5628145908471918	1.2166254324207677	1.6294053169825635	-7.447063220335623e-05	0.0006648761255418159	0.41362156675454387	1.1812348283634466	0.14002573311117028	74.70637257698664	327.25431300220788	-0.0034750735998335053	0.035190294804389045	313.07148675800516	60.618503848643144	1.0899354837444117
4.9738742542830931e-05	1.2175309016416178	1.6294257601484541	-5.2387137112648748e-05	0.00067659950226366453	0.40755304407891302	28.625597917687962	0.00047461122568845257	74.669195266040134	327.22115510970485	-0.0035277669347413541	0.035169395356663045	313.89763950060836	212.23935141627479	-3.1837472680851198	1.218146419945766	1.6294079889082458	-8.862707334320648e-05	0.0006884279263618156	0.39466460956628518	0.72246150776401752	0.12059051614531514	74.7006310481536	327.25344373753381	-0.0034808512126207397	0.03517631784477171	315.42981864978526	-108.33837839335369	6.041465067124373
6.1410526765305661e-05	1.2175327513255834	1.6294260522458166	5.2895203387010331e-06	0.00068462895295909657	0.40754447669174715	0.11476674746415992	0.0093973277924903238	74.667764327589367	327.21601833919692	-0.0035327537370019595	0.035169248452454824	313.89389645397114	-7.5400461321565686	-1.9228929507069266	1.2171901983883648	1.6294063892652755	-0.00010536192528853044	0.0007116179604392988	0.41085043030335056	-1.7611062836877698	0.1458490062539806	74.58484056204433	327.25392439207639	-0.0034618658180399172	0.035168368526098816	312.65263535804041	-595.3525624292289	1.253174894984421
0.0016057246678763825	1.2194624136995156	1.6294931415081404	-0.00062724852398925851	0.0001164322679142423	0.40730102917595085	2.8785559963053555	0.95147878285365706	74.671745114241716	327.2242654985007	-0.0035119208138880633	0.035174038098094711	313.89718856976157	-5655.5523840829892	4.2723831614360117	1.217669488298741	1.6294043852310303	-8.676464852785032e-05	0.0006838319275932019	0.40179648387272726	1.4888105381515702	0.13311992547816384	74.71384956501046	327.25376863933047	-0.0034702305713135116	0.03519134337623754	322.94541356347492	-2929.3179132758714	4.405073418271155
2.6299159170286482e-05	1.2175106410142209	1.6294054520630294	-9.0233076251009929e-05	0.00068805275150791252	0.40750811349624788	-0.019945400817118	0.11442498343561239	74.671937635203733	327.25182484532479	-0.0034711978462448412	0.03518416508542499	313.93038150426332	-0.93502618276679661	6.152138347867945	1.2169750836635895	1.6294032406571037	-9.898180409962073e-05	0.0006963114659520809	0.39177279686862249	0.17037936259542819	0.11884159134376698	74.64801403364197	327.25371022063041	-0.0034785098070644217	0.035162531464157515	312.58848878211478	-117.25001734177754	5.470882517685882
0.0018383719832416887	1.2194252219533785	1.6293393662770592	-9.0838272776532319e-05	0.00043286667582218788	0.4074648293790985	-1.328153792055637	12.333709968264449	74.667370512937055	327.21986334330808	-0.0035457052036978478	0.035170093168009384	313.89748889700144	-1450.5390929920143	2.8497866464328681	1.2180781433027428	1.6294034084021354	-9.265791150410215e-05	0.0006885853503773396	0.42026456054221989	-0.514828090953526	0.13237503927886723	74.72789828740822	327.25361700198664	-0.0034629883998190413	0.035193725790336534	311.67223875187045	344.17068146807037	2.4226458043641323
0.0016590439406425348	1.2150168325399517	1.6294742935913744	-0.00099479396611364362	0.0013974969744381233	0.40842561483965989	9.253287545585275	-1.6612764369457564	74.667845500553412	327.21917889311919	-0.0035342197142360704	0.035174565371489726	313.89554596812815	9961.5554221775401	2.2650316482430695	1.2176951916023397	1.6294055197595989	-8.938030745069311e-05	0.0006688072822178665	0.39508954230475052	0.79880638894226608	0.16223212927319494	74.65019744055782	327.25430216009516	-0.0034494873232718483	0.035185259953268246	317.26025324788549	-646.75927338819838	1.8921363561099525
5.0103521526069852e-05	1.217533074893437	1.6294257725055654	-5.4613300886414986e-05	0.00067591776065068659	0.40755382563065751	-45.87956774171753	0.001227126495015565	74.669226349151671	327.22153993311554	-0.0035271811402554473	0.035169573438772139	313.89808790701596	-278.0301886684307	3.170661952204382	1.2170080683053008	1.6294019795542434	-7.851829005680401e-05	0.000673244084970645	0.39067282363610512	-1.951866790071958	0.13848091022236642	74.68595735666044	327.25515641324205	-0.0034693660914526716	0.035201062620229324	318.28071793374846	-228.46489803470863	4.2937904296067435
4.1198126060201463e-05	1.2174869610049723	1.6294218922798092	-5.479286533944888e-05	0.00067573886326305376	0.40754182209884132	-0.76112465798180007	0.020015087726173976	74.670034013532572	327.22815334295933	-0.0035154385793322116	0.035172310001408406	313.90494600830971	-26.154494620976699	-0.135060438932706	1.2170926814924072	1.6294022741871448	-8.123471346020677e-05	0.0006827391787518268	0.44344141264531134	1.5899884853731312	0.1475331335091556	74.7578475349172	327.25485252944702	-0.003462527954958188	0.03519874208034475	313.70250183877886	883.88209124250261	0.25451658988625947
0.00028580345134895019	1.2170003735320294	1.6293989198519583	8.2692564865197924e-06	0.00067493087233695865	0.40738604561266284	-8.3412252458502092	0.28238458745724654	74.68218092791399	327.30207272437343	-0.0034134741888408558	0.035186254160854982	313.97660910623665	-235.87538243306523	-0.024849145921874014	1.217636519975978	1.6294011727521278	-7.451486650501573e-05	0.0006889314216649155	0.38275786174026349	-0.2150200100043744	0.13869748132309387	74.76903176653676	327.25439901262916	-0.0034588628634083106	0.03519137518357207	314.5189554569896	232.20058488274688	0.5267343996898365
0.0019479288973262717	1.2178069869718977	1.6294335534379278	0.00074415005542770763	0.00029876600751203017	0.40646026552471776	3.7203004068943834e-05	-20.720820361722012	74.672439113485439	327.22184148057414	-0.0034841956984379067	0.035170583303961896	313.8972225248163	1545.2948437903885	1.4126085236438757	1.2192971517015765	1.6294059348977852	-9.087849788566968e-05	0.0006764612465704438	0.38683823526051481	-1.0087093229436335	0.15049199039308406	74.72103558297754	327.25383643461248	-0.0034589020282469736	0.035204169106523756	316.31129518514223	-27.960552834945595	1.758798664359133
5.2220909615118448e-05	1.217548980724668	1.6294258152612366	-4.336826796805572e-05	0.00067752711063834151	0.4075579405271455	20.849786228544566	0.0039493987657966238	74.669528370722105	327.22312578268708	-0.0035254636647023079	0.035169759585465733	313.89956533206316	184.76761569293512	3.1668353713188808	1.214422006429391	1.62940508012937	-9.18640175325696e-05	0.0007083642346672255	0.40816326009658155	1.002359056335538	0.15279243978600152	74.57339833482425	327.25363653339588	-0.003451529555352183	0.03518727922676592	317.27989187356627	214.90295739724814	4.705102583150289
4.9066068324135169e-05	1.2175319037092358	1.6294258570841951	-3.5652642481383684e-05	0.00067741247210480378	0.40755296886539816	-0.38349299894574912	0.0037938181530495535	74.668811560480705	327.21898172334051	-0.0035318227542990945	0.035168471323406406	313.89543253137469	25.959096926426348	4.9466981868335242	1.2182645620239303	1.629407987108372	-8.907792719764435e-05	0.00069333376116524	0.39500090280558231	0.47059556208679443	0.14944947050705568	74.78606684659208	327.25383646548971	-0.003468444169236517	0.03517309822088239	312.90106532426108	266.26750695511436	4.414113656202796
0.00069275912174163569	1.2160705413032129	1.6293288136587794	-0.00022829890598745364	0.00035953381982185129	0.4074636868581068	29.967635531801925	175.69625163637241	74.669012855977613	327.22241931555243	-0.0035430181665146937	0.035164269196513359	313.89747001799844	-3715.399547976373	3.2143774911157017	1.2186387841145359	1.6294013284883495	-8.458647539660996e-05	0.0007000607217326943	0.39397884167190739	-0.093466649467787918	0.13171780163457333	74.64040304535484	327.25455119203338	-0.003492729221537678	0.035170450700169664	308.21790025295576	278.82466486370839	5.488701052671051
5.0728503796021305e-05	1.2175315157943163	1.6294257262146425	-4.9844951313125523e-05	0.00067588104588777766	0.40755188317017843	-1.2234720516849893	0.00077255375209018097	74.669091705793647	327.22076047595539	-0.0035277948176132548	0.035169559573603959	313.89738283874834	-47.834602130226841	2.4385381579890737	1.218959063242376	1.6294050089162733	-8.979251496605547e-05	0.000666572216999902	0.43568274477311925	8.2980645591263968	0.1492560397187166	74.69089271184907	327.25354689443805	-0.003484054364945541	0.03517838854354546	313.6915667272155	51.609778075245423	5.229407635932729
0.00013127863940237848	1.2172686183452803	1.6294199737335224	-6.4009809935715074e-09	0.00067141691981244516	0.40748894749354647	307.40870691648558	0.068047821534665112	74.674136015954815	327.2545446182134	-0.0034802395165762154	0.03517746789475084	313.93165010971302	4532.3141900117744	6.3382125470851145	1.21986198395584	1.6294094570159297	-9.190947607608962e-05	0.0006904101950975871	0.41495526258074977	-6.9136590704982694	0.14567474029232663	74.62948627535891	327.25365054310703	-0.003466582557729906	0.035204030907229324	313.01306711461183	-12.383448680255977	3.9147019997750174
4.9210067277959047e-05	1.2175356408729578	1.6294250413208606	-5.0198047564038546e-05	0.00067603417605768107	0.40755041667100494	-1.1284540553997446	0.0034052716370974517	74.669230853835884	327.2220724112376	-0.0035256431875721468	0.035170047593847516	313.89875977474566	59.964652728558974	3.2408012931674883	1.2192190892687056	1.6294021644078305	-7.796606725497166e-05	0.0006815586252884917	0.40277485809134816	0.88673283256864965	0.14115165754894488	74.76699058038903	327.25453049925846	-0.003476875364750739	0.035193061412138606	313.05352594131364	-98.939528842920922	2.6976539666587245
0.00015732939872773458	1.2172266686885627	1.6294177040206761	1.3105267955020647e-06	0.00067119131277302831	0.40747361925920833	-304.16181542891798	0.090217519241900121	74.675169922530046	327.26245219372777	-0.0034681333022570813	0.035179925575372167	313.93987245261633	-5280.7735455527591	6.2388069509749391	1.2180491543986316	1.6294049369091441	-9.028955064780643e-05	0.0006709188852554725	0.41486170246257598	-1.6106719988297087	0.14185448987135743	74.7104001096829	327.25350402137423	-0.0034653146020729077	0.035186894275214466	317.74666197964984	153.7104397308691	6.118290181994398
0.0001169239540991879	1.217664391992024	1.6293808235528722	-4.3810841062401508e-06	0.00074585057782871743	0.40743409793999502	3.8083339731647547	0.37782807973626775	74.677228843862224	327.28572672079554	-0.0034197538465472032	0.035192495871305407	313.96358177779518	-195.88881964214437	3.1366610028411577	1.2178786996407331	1.6294083546856541	-9.858058107703524e-05	0.0006923589606189469	0.41850641011500839	3.696664965265787	0.13972287304835318	74.64316039244707	327.25515562135166	-0.003458472536763692	0.035194987922113855	314.33713221971061	-45.715084151902751	2.6965419313869
4.2127034807637782e-05	1.2175090099676651	1.6294176159721578	-6.1670818454439907e-05	0.00068568149563493798	0.40752758047904009	-0.11726985915459189	0.043932242742100946	74.670170362886367	327.23402116168796	-0.0035018331367613047	0.035176393008727783	313.91198900524245	-3.3093429202766851	2.9482075432481016	1.217672894452709	1.6294013843032755	-9.737897828636797e-05	0.0006868435518059994	0.40779361462998132	0.14823643791681285	0.12752012274011715	74.67950244138251	327.25405645516292	-0.003484300360934498	0.03519385224144491	313.72631984767253	-4.5288130996721083	4.108997425632444
0.00020521598524155969	1.2174050776653815	1.6293180344553329	0.00014446805896359797	0.00072194671928047264	0.40733797967524349	814.01826898076752	-83.220810369062477	74.670819047473444	327.2224094873406	-0.0035321891988695296	0.035165767566217879	313.89644187793078	48379.630252387666	0.0014146649803983052	1.2184556184386748	1.6294015838702611	-9.918152266747942e-05	0.0006922360660801944	0.42614210279522891	0.11924281923969716	0.11695311986941667	74.61530326361576	327.25346063117337	-0.0034671366199445822	0.035165597742580795	311.04904298815865	139.35957569356498	2.58250829599739
0.00023317986402918105	1.2170826715991918	1.6293963127986753	3.7821896167521623e-05	0.00067569351680353161	0.40740188277046058	6.3733757527517279	0.28069733992281792	74.680102125268988	327.29532690264477	-0.0034168082241557191	0.035188946542362244	313.97176471877651	212.80187000135297	0.023971097314913425	1.217345609719179	1.6294021282661517	-9.456481561228092e-05	0.0006873446414024601	0.37470814937078867	0.87479200625735853	0.13972202205770948	74.59770529750949	327.25460625392128	-0.0034669498384117706	0.03519091090564656	314.43121560615401	95.480160959803939	0.7264228490589761
4.9770862581127036e-05	1.2175308566089775	1.6294257414463746	-4.1671587444147222e-05	0.00067663547580259023	0.40755278828026797	3596.6042016556239	6.2206636455508973e-08	74.669104764599936	327.2208008573179	-0.0035280630410011813	0.035169423401330946	313.89735262004712	-11239.257140676898	128.42175401008839	1.216804981410203	1.6294054246820238	-0.00010424487785085883	0.0006946310803040283	0.40723924950971835	12.454779785944371	0.11289538562235572	74.71118222643534	327.25387097834022	-0.003468322698005447	0.03518798835509178	311.75036042805829	118.98474247978984	5.955313373812424
4.8536841452852902e-05	1.2174909089932262	1.6294258540402968	-4.9466598608529462e-05	0.00067536534776232505	0.40755509805590928	-570.63317940886918	0.0024264300530433434	74.669300863813859	327.22218225823144	-0.0035259559973686199	0.035169977843580336	313.89891701584503	-5541.8886217634717	255.17338232515681	1.2157935102017694	1.6294012888043485	-8.0473734953052e-05	0.0006984758947977579	0.38384913146905059	4.6059265193569319	0.1301199276277861	74.62652368395655	327.25485408327086	-0.0034823686510390157	0.03518742032961306	310.03413950404911	-122.08395445611238	5.9778878888028215
0.0018367418733133485	1.2171509832697514	1.6293646382986091	-0.00038379896865456327	5.2997779573604137e-05	0.40854278101959246	0.096026657107068106	-5.3175579426271948	74.662046904032124	327.21399059806691	-0.0035720996352293006	0.035173207039123452	313.89639884755644	-1874.6296311758902	6.4593405352160209	1.218013378073403	1.6294095350846607	-9.040898620613423e-05	0.0006714790173597434	0.38932342317323509	0.21452087747832957	0.15240098559767523	74.6323122920759	327.25469641616473	-0.0034611871660148886	0.03520844759814403	315.6824352998546	217.83778702026368	5.3415750234254995
4.112517580912193e-05	1.2175184275315474	1.6294206681443508	-5.5161470310123124e-05	0.00068370561708990516	0.40753579621320141	34.001155967457215	0.029815402634503774	74.670285588725775	327.23258651322402	-0.0035078439147945154	0.035174508927822382	313.90970772251376	-1728.2736781911765	3.1811802169609638	1.2173421081590998	1.62940453425795	-9.957668375701468e-05	0.0006858423747500025	0.40928683550883149	-4.3336978063106457	0.12976408491288266	74.84023270374848	327.2545215942946	-0.0034763946836417264	0.03518589805116902	308.0006690677364	182.26373694121932	3.68021731765231
4.6484327826516168e-05	1.2175327364724984	1.6294252553844204	-5.4638866982388938e-05	0.00067457844990008225	0.40755799386354435	-0.083055621145746106	0.0054251036320395749	74.669174072140635	327.2208246332479	-0.0035306388442202159	0.035168546088932578	313.89650425022	-54.752870637210897	3.8115945338427202	1.2172331972740678	1.6294044759387241	-9.231600128706907e-05	0.0006844506208368368	0.38928269231400259	0.42961747020708885	0.1199937289842753	74.70408002567304	327.25490509950725	-0.0034640894503184345	0.03518786111325295	313.83939318011227	-101.31763960272674	3.6802474506575336
3.3570935569014979e-05	1.2175128563940125	1.629399091293412	-7.5649477650949643e-05	0.00070290128408216808	0.40749717446425499	0.0022706817946826592	0.15902544964372564	74.672916445897528	327.2597446393882	-0.0034574660897669089	0.035186706983933294	313.93840730749952	0.70925565519669709	3.2232780498101121	1.218369498426883	1.6294049545063081	-9.257910282951717e-05	0.0006781425975385204	0.38691517224171768	0.076537740166980506	0.12573119042571432	74.67833837519895	327.2534539550241	-0.003473927610830722	0.03519144575939451	314.23105867745676	12.767165888338448	2.367431065007471
0.0022120658296865365	1.2174871940269918	1.6294019798595882	-0.00073368359118169447	0.0018674244285518744	0.40693863762840315	-0.099158876101828219	0.63261966455094909	74.67299965140316	327.22424912770396	-0.0034982847288064661	0.035161371196530046	313.89712520099124	6127.4623308916862	4.1677876183211939	1.2178087453865292	1.6294011733455711	-8.622318741190388e-05	0.0006727986773482805	0.39455375478929205	-0.33966201766667187	0.14088510436198767	74.60194670821627	327.25355999899671	-0.0034590907714728866	0.03518669364940255	315.56620162396166	967.9120066313709	4.356258159497901
2.7111366085671744e-05	1.2174814729450771	1.629409152054651	-8.1377296786622246e-05	0.00068719500059691817	0.40751509014878723	-12.764063046678862	0.089354437753857388	74.671612646248079	327.24760077828148	-0.0034797634518922934	0.035181637765773259	313.92541224459779	798.5804501309774	3.1245463396471953	1.217686023560338	1.6294021771031852	-7.253748164393917e-05	0.0006876292796191206	0.39060248424778365	-6.5407852981593333	0.13262582734980213	74.60809280318075	327.25372848342965	-0.0034536548129262138	0.0351740172248857	319.36053618531469	-1117.6810258734015	3.4555995839417744
5.1538862094749551e-05	1.2175398374665849	1.6294257687440985	-5.0296467962815539e-05	0.00067856986984191818	0.4075543297920437	47.270732605937809	0.0012657465530639168	74.66977871828577	327.22217787659605	-0.0035282079690726943	0.035168092030112452	313.89773449528673	38.026518144464866	-15.346185874661195	1.2169057238354228	1.6294038933732575	-9.473425863128912e-05	0.000691503087301529	0.40316096241380328	3.5156110464040462	0.12734151829601562	74.65222347686131	327.25370922503095	-0.0034621443144328646	0.03518204920458528	317.41751873363063	73.687418858044893	1.8632265321370376
5.3088397794985256e-05	1.2175346863509735	1.6294257207949188	-3.3624430228053621e-06	0.00066944025585430713	0.40755064600242513	4.0720112227604348	4.3402564680889578e-06	74.669134674309547	327.22086642839946	-0.0035281526423006138	0.035169363146355756	313.89735792956543	-1760.9906176622128	3.2510879916059885	1.2163304965722028	1.629409056018549	-8.971919465643347e-05	0.0006881946584817101	0.38590175123554599	2.079312737980143	0.15066411417323144	74.62433823823145	327.25481528229074	-0.003452560228814299	0.03519547353799553	312.65807185657997	-792.98019919399042	4.087212378699674
0.0017995534282615744	1.2189480569534026	1.6293588652598103	-1.168597961433953e-06	4.4369414202387573e-05	0.40659775388731173	1.5479354269171046	0.002896096643648332	74.663754767690776	327.20510204212815	-0.0035185305693639516	0.035181282801275734	313.89231206293442	510392.4142235638	0.65592693068956787	1.215384981462174	1.6294074260966924	-7.895971862323e-05	0.0006884712618156709	0.40144268691171592	0.41010239431829582	0.15342051791074854	74.68704580843324	327.25489058057019	-0.003485872728925343	0.03517489959095642	309.72009903027299	41835.676016315665	0.8197411768465598
0.0017789298359271657	1.2158987256139933	1.6294632213822373	-7.1720829214114363e-05	0.00072760194366568577	0.40823110863535866	-1.3330123061602448	-57.362495361274213	74.669497073360375	327.22170122909188	-0.0035288595141810832	0.035169289219319957	313.89757813215965	-6050.5628569422415	-2.1583891853398511	1.2157416351468833	1.6294056752669426	-7.574054126470622e-05	0.0006743580935730681	0.42434341686523569	1.318900996348755	0.11964405431034951	74.66831390995166	327.25437861708184	-0.003456609670741838	0.03520916432360599	310.06980219269542	47.267639810604983	2.539090922950468
0.0015659261255169534	1.2200833404060865	1.6293327179827435	5.6005140581933e-05	0.00091912726957427409	0.40734227658946159	9.6936122319676361	-49.123956546950872	74.674518424830865	327.23137335954414	-0.0035369525604115638	0.035154149124765027	313.89874576235428	19733.574214843185	9.8896433432591628	1.215788911637051	1.6294073480930817	-8.58408194006539e-05	0.0006936384931682602	0.39917607717613285	1.2677209940074117	0.14358486598873083	74.69771434240985	327.25410664070296	-0.003472324306155784	0.03517769102399722	320.05481092860771	-114.04938581697132	5.2547737817633395
4.5938520302387674e-05	1.217513457723858	1.629424303273709	-5.8745436655756238e-05	0.00067939885826131423	0.40754620886584675	-3.6827056990052105	0.0099091077893063012	74.669545727430901	327.22514498546701	-0.0035208868534898955	0.035171280301947258	313.90185574049269	151.84971689678008	3.0257629583620123	1.217115357934986	1.6294063399578744	-8.546247761824594e-05	0.0006928467935654327	0.39331482756725505	0.60059292024268851	0.11633360248791613	74.65825109039955	327.25500574642388	-0.0034622493250295594	0.03518382020110897	308.15061160059162	-5.2133367729778763	3.364200750795715
5.2154587298948652e-05	1.2175405280484628	1.6294256396666451	-4.740438093500264e-05	0.00067986881139671146	0.40755271737355653	0.66145796672653212	0.0019749683973703932	74.669600788591538	327.22206695018951	-0.003528095148211056	0.035168349928966128	313.89780945805342	31.034529258821944	5.574325211418083	1.2174507268234918	1.6294088503777959	-0.00010930931110090657	0.0006666558276908122	0.37832032122272985	0.24513778922249324	0.14575740844943916	74.76311469304204	327.25501781678366	-0.0034628746170251865	0.03519504284101089	307.09989107920251	-38.32573390651001	5.128438575577121
5.3770187304968358e-05	1.2174865751752593	1.6294260773997726	-5.6016587430801607e-05	0.00067143938143725702	0.4075573295582483	286774.5893524987	0.0066995982066205923	74.669620514400023	327.22471609468903	-0.0035231072597900737	0.035170353909910808	313.90143215922109	-602.28462007332791	-6.374503851226609	1.2174435502127192	1.6294031466576013	-9.01602637133901e-05	0.0006909073296935611	0.39470368958958052	301.58486085536896	0.13058183391693146	74.55379195886248	327.25487724057939	-0.0034672955865671	0.0351821698169917	314.9753323633081	0.90962037110479255	1.7232954153323037
5.0607181642129355e-05	1.2175281066371026	1.6294257438533968	-6.3978737775005994e-05	0.00067755927989152857	0.4075512779200236	-2.5466430954618038	2.9921721811672231e-05	74.669000364116101	327.22058349470791	-0.0035280487595189267	0.035169603449318299	313.89727443862802	1184.9921536132899	3.0931850065173307	1.216723435811294	1.6294059825690697	-9.047628161694059e-05	0.0006818393190874488	0.41234159127250214	-0.12772872397238016	0.15591927163347807	74.74963244115186	327.25506197262314	-0.003452371180747768	0.03519345927966303	312.33951214632191	-66.841167365539619	4.8447321364824765
2.497791386415915e-05	1.2174854403904378	1.6294062459081957	-7.9931423695644776e-05	0.00068529637361300637	0.40750787150272283	0.31913401127203883	0.10711643470583833	74.672194715670216	327.25181049482836	-0.0034719511433542131	0.035183590774572907	313.93011002226609	15.335765396837669	0.049077701712333638	1.2185527434892687	1.62940760694589	-7.617887237420379e-05	0.0006734210164557463	0.38244888046352704	-0.30325523063501403	0.14319531702839694	74.65314362944393	327.25420412870187	-0.0034632455236347347	0.03518259779764003	308.32710427193047	-43.329468298858309	0.5946268732109499
0.0016232447531426297	1.2172057328532067	1.629384796385434	-5.9663077997613821e-05	0.0010983767804303728	0.40688807400269994	3.6600588741969515	-1.3297907629163119	74.664581404239982	327.21591819470211	-0.0035117060639331473	0.035181005802049463	313.89709579484247	2058.5077824215396	7.1480906667824007	1.2168586846918688	1.6294042465921115	-0.0001067125684515327	0.0006901908742687262	0.39832766901386418	1.411843917062712	0.12271091588801014	74.61145498545946	327.25496616467063	-0.0034802776830324543	0.035180667706677	312.15655751308708	-187.69225951399596	6.020926799939131
0.0025248561772403025	1.2172149147140157	1.6293905013704943	0.0002737668821961513	0.0011465930444039525	0.40598089001444831	-0.17675672055662714	-1.2243896555357268	74.670252555605686	327.22168793347959	-0.003520320101348483	0.035168545786128776	313.898010171463	23793.266623657186	0.82610402384952708	1.2177316323142158	1.629406081754321	-9.265891816264648e-05	0.0006913798140415834	0.36471506137198056	-0.03739144615957176	0.16527260688687267	74.585888364357	327.25512313145356	-0.003468892208898365	0.035183736825504686	317.05731064881905	2293.0096363569592	0.8625723619367727
0.0019689863921705602	1.2186773347757078	1.6293460634018531	1.2870534362286684e-06	0.00015091631008055519	0.40709720927561488	-0.80025072321665303	8.2535993152896356	74.667440888886404	327.21982591390287	-0.0035503289141944634	0.035172011067191172	313.89767510366141	-10161.021637711441	2.8574285089135678	1.2161611002656134	1.6294035328514636	-8.547674913475548e-05	0.0006740147058699555	0.39437026703536293	0.82924033531102548	0.17474054335969394	74.76462063169181	327.25375011204363	-0.00347582417492107	0.03517217491376791	313.18337876813217	364.5439800840831	3.138579308929915
0.00035798918415080573	1.2174526846870559	1.6293176297142375	-1.1492659094807202e-05	0.00074591589248252234	0.40753169348299367	0.061038414543987861	38.793332861972949	74.669826554751552	327.22383001443535	-0.0035253535580511957	0.035170414634370782	313.89996940185773	4.4090475116093746	-0.00094396649780254687	1.2177207809722788	1.629404374264817	-8.273945342692487e-05	0.0006785746668291189	0.4085318834870425	1.8852775040129737	0.12133941264239083	74.72610774481272	327.25442714486041	-0.003452749235663577	0.03519057314362045	312.09779728648414	-16.220479716029839	2.2858525019640314
5.0499036511809498e-05	1.2175517302579921	1.629425987751641	-5.059180012398856e-05	0.00067599333388058329	0.40755080166746355	-2.3324812148560756	0.0006075874471327381	74.669020229695164	327.22020175871222	-0.0035269906229481551	0.035169921974385628	313.89751362627931	651.58007417493843	4.6986664710053434	1.2172372235631885	1.6294018193351101	-8.249055816984073e-05	0.00068844713250355	0.40678034567727661	2.0020823957946443	0.1455531428588019	74.63090567925788	327.25362647062565	-0.003472249418026072	0.03516957161381872	323.21765714339682	5.0335709177137877	5.212717701504946
3.0364357162506523e-05	1.2174974174563595	1.6294011263932009	-8.5925778703238259e-05	0.00068828243517660322	0.40750501427136876	-0.062807760831296536	0.14298340319068018	74.672591437133335	327.25721683435637	-0.0034621254258390402	0.035186167182782613	313.93581405855434	-1.983169430817461	6.1696153148271424	1.2194897638200262	1.629401070785053	-9.361138393376459e-05	0.0006878293090776884	0.41312149012924448	-0.54433148889699101	0.17596068328670283	74.60752911414663	327.25400740269805	-0.0034819667043541	0.03517584431718543	314.32320874657984	-30.463856002560856	5.6081117849705855
0.0017532030347669717	1.2175583910263745	1.6294251369756556	1.8134638334344302e-05	0.0010586271148060893	0.40667228596748384	-1.0023398617472432	0.99634438640198597	74.673036102420809	327.22533006356684	-0.0034985175048203982	0.035172075600862523	313.89856117881033	2872.8820857179826	1.1559498227365681	1.2174396965706522	1.6294006052680607	-7.351766221631967e-05	0.0006962288586089374	0.38269261413914152	-0.85660854444399959	0.12799329561023748	74.67546014193918	327.25519626989427	-0.003461876091168418	0.03517374558710291	313.52037820891047	126.41967994675946	2.098905029570331
5.0242128063185474e-05	1.2175390545636851	1.6294256504736828	-4.676868701377242e-05	0.00067644491031019149	0.40755268205624889	0.78378748411809152	0.0014605096051855623	74.669104359433248	327.22116738249042	-0.003527788025822199	0.035169518810377137	313.89763865055204	56.327828844780242	5.6396482706271192	1.216725314814534	1.6294045084303403	-8.823872496918767e-05	0.0006863953101199174	0.38702053011912779	0.23000094750954519	0.1997522331715914	74.73922990981016	327.25471009781182	-0.003477977497369574	0.03517594192643959	315.05453545421	70.034052629171342	5.004682202864877
5.3013927789415474e-05	1.217499590905128	1.6294257535423102	-4.5558017813260788e-05	0.00067233460627732795	0.40755732484029961	32.683610895331519	0.0048042805917847568	74.669564483802304	327.22393319627901	-0.00352458023691362	0.035169908243411374	313.90051115534538	-523.03964611801166	-0.053672689278840786	1.2175448973467737	1.6294047352462548	-9.055537785419008e-05	0.0007047980697416998	0.40393468197396076	1.1105328416047069	0.1280773555393726	74.7005258518209	327.25381682405367	-0.003478039571823652	0.035167993850217676	317.57639938316044	168.17717584924094	1.0451734628594878
5.1109629106965816e-05	1.2175110540986742	1.6294257797917751	-5.0669861652531137e-05	0.00067351121927800657	0.40755299089695751	-13.63407683255889	0.0026681099688082299	74.669620910367428	327.22225210452007	-0.0035273856433571497	0.035168884390604831	313.89819842824323	66.951859078912904	0.17317350925974739	1.217100864706939	1.6294029288432579	-9.072396371482098e-05	0.0006821838782299102	0.4063936801175147	2.5673701382084841	0.12993864413477182	74.71592233736145	327.25443720158518	-0.0034498075481545036	0.0351878120080507	310.45660716006023	42.660147201995727	0.043584226136485556
0.0014324984269358521	1.2197629890812445	1.6294710919931708	-0.00017397900593455691	0.00096383111772032704	0.40693099442446984	2.4550178386803676	3.7234928533273801	74.666320303534661	327.20931335869324	-0.0034899542807380612	0.035193840758193706	313.89641687882175	-2661.5980167736852	1.727770063169646	1.2167199056022526	1.6294073346889093	-9.762311238854397e-05	0.0006890663988977198	0.42381220847853412	1.2029122511224559	0.14282790547199165	74.67928704816667	327.2536313623923	-0.0034574609914261767	0.03519703290814987	311.33601312514969	-525.83030497634786	1.7709195973304177
0.0018856265089252594	1.2177002773742827	1.6293666793025594	-9.5011948836575636e-05	0.0011905149709982646	0.40901640600066086	0.35345379178381908	-5.957219569737795	74.665373564865121	327.21935654551908	-0.0035677904571911937	0.035167560360352963	313.89730175727357	15768.714103089138	6.079398981832921	1.217396780068909	1.6294041077176344	-7.862597986583164e-05	0.0006850474959269227	0.40625682813003261	-0.078628660515049936	0.15100065284845438	74.6799032188389	327.25391181534127	-0.003466861093021596	0.035199651305258386	310.42985387447999	1107.3650875536171	6.036333257386913
5.0470147368526029e-05	1.2175312289520457	1.6294257610778489	-4.8096837717547357e-05	0.00067747931447902305	0.40755162482237367	0.073950497017956612	0.0010099694020031052	74.668932920980353	327.22020710761092	-0.0035283503041136305	0.035169437053838425	313.89699290606904	-25.363752406272365	5.110698989224975	1.218201614702356	1.6294049672657587	-0.00011156524541109506	0.0006802589484976553	0.41393426505314901	-2.1281018277496173	0.1240304175320727	74.78157332186868	327.25416227470788	-0.0034794689069072827	0.035182905493140605	317.91936319576541	-11.028504717834796	4.782613675312766
0.00045726655853575292	1.2165993635769377	1.6294200950478586	8.7403728412543854e-07	0.00059783081113882802	0.40766587235238161	687.82807913023953	0.12542923220356281	74.683953023410723	327.2984262024309	-0.0034636737848467852	0.035165622480497309	313.96737480129144	-24421.739450619669	-0.080852160198085943	1.2147496809339438	1.6294048671959318	-9.940621877020717e-05	0.0006922185539803832	0.39492682398336781	1.8196256548821679	0.1282280552948891	74.68372478257764	327.25393482647291	-0.003457719419591352	0.03519010597359028	317.60626396651475	-37.88855716090621	0.3144124535458649
