@             999999.999 56046.0074229519883     3.00
@             999999.999 56046.0174219748433     3.00
@             999999.999 56046.0274209866526     3.00
@             999999.999 56046.0374199867365     3.00
@             999999.999 56046.0474190060608     3.00
@             999999.999 56046.0574180123537     3.00
@             999999.999 56046.0674170049906     3.00
@             999999.999 56046.0774160149952     3.00
@             999999.999 56046.0874150417841     3.00
@             999999.999 56046.0974140531683     3.00
@             999999.999 56046.1074130486098     3.00
@             999999.999 56046.1174120592215     3.00
@             999999.999 56046.1274110845134     3.00
@             999999.999 56046.1374100923929     3.00
@             999999.999 56046.1474090824209     3.00
@             999999.999 56046.1574081174401     3.00
@             999999.999 56046.1674071021826     3.00
@             999999.999 56046.1774061311733     3.00
@             999999.999 56046.1874051408282     3.00
@             999999.999 56046.1974041308468     3.00
@             999999.999 56046.2074031642124     3.00
@             999999.999 56046.2174021774291     3.00
@             999999.999 56046.2274011702855     3.00
@             999999.999 56046.2374001742275     3.00
@             999999.999 56046.2473991891046     3.00
@             999999.999 56046.2573982147971     3.00
@             999999.999 56046.2673972195894     3.00
@             999999.999 56046.2773962350510     3.00
@             999999.999 56046.2873952295289     3.00
@             999999.999 56046.2973942346550     3.00
@             999999.999 56046.3073932504655     3.00
@             999999.999 56046.3173922770282     3.00
@             999999.999 56046.3273912828152     3.00
@             999999.999 56046.3373902679565     3.00
@             999999.999 56046.3473892958653     3.00
@             999999.999 56046.3573883034801     3.00
@             999999.999 56046.3673873226485     3.00
@             999999.999 56046.3773863219957     3.00
@             999999.999 56046.3873853334287     3.00
@             999999.999 56046.3973843572575     3.00
@             999999.999 56046.4073833621949     3.00
@             999999.999 56046.4173823486077     3.00
@             999999.999 56046.4273813801421     3.00
@             999999.999 56046.4373803939680     3.00
@             999999.999 56046.4473793905331     3.00
@             999999.999 56046.4573784019369     3.00
@             999999.999 56046.4673773970522     3.00
@             999999.999 56046.4773764080275     3.00
@             999999.999 56046.4873754354088     3.00
@             999999.999 56046.4973744481396     3.00
@             999999.999 56046.5073734468107     3.00
@             999999.999 56046.5173724636590     3.00
@             999999.999 56046.5273714676906     3.00
@             999999.999 56046.5373704911815     3.00
@             999999.999 56046.5473695031749     3.00
@             999999.999 56046.5573685043566     3.00
@             999999.999 56046.5673674954282     3.00
@             999999.999 56046.5773665087315     3.00
@             999999.999 56046.5873655449971     3.00
@             999999.999 56046.5973645417179     3.00
@             999999.999 56046.6073635628993     3.00
@             999999.999 56046.6173625460566     3.00
@             999999.999 56046.6273615552149     3.00
@             999999.999 56046.6373605911573     3.00
@             999999.999 56046.6473595914241     3.00
@             999999.999 56046.6573585884366     3.00
@             999999.999 56046.6673576146206     3.00
@             999999.999 56046.6773566075304     3.00
@             999999.999 56046.6873556312228     3.00
@             999999.999 56046.6973546232557     3.00
@             999999.999 56046.7073536476868     3.00
@             999999.999 56046.7173526420724     3.00
@             999999.999 56046.7273516704666     3.00
@             999999.999 56046.7373506704197     3.00
@             999999.999 56046.7473496743519     3.00
@             999999.999 56046.7573486830527     3.00
@             999999.999 56046.7673476973041     3.00
@             999999.999 56046.7773467178800     3.00
@             999999.999 56046.7873457139193     3.00
@             999999.999 56046.7973447494259     3.00
@             999999.999 56046.8073437618912     3.00
@             999999.999 56046.8173427520441     3.00
@             999999.999 56046.8273417522246     3.00
@             999999.999 56046.8373407631328     3.00
@             999999.999 56046.8473397854524     3.00
@             999999.999 56046.8573387882252     3.00
@             999999.999 56046.8673378037251     3.00
@             999999.999 56046.8773368009566     3.00
@             999999.999 56046.8873358121550     3.00
@             999999.999 56046.8973348379095     3.00
@             999999.999 56046.9073338471619     3.00
@             999999.999 56046.9173328404572     3.00
@             999999.999 56046.9273318499425     3.00
@             999999.999 56046.9373308761154     3.00
@             999999.999 56046.9473298878229     3.00
@             999999.999 56046.9573288855122     3.00
@             999999.999 56046.9673279012303     3.00
@             999999.999 56046.9773269037454     3.00
@             999999.999 56046.9873259250506     3.00
@             999999.999 56046.9973249338589     3.00
@             999999.999 56047.0073239304810     3.00
@             999999.999 56047.0173229468249     3.00
@             999999.999 56047.0273219515170     3.00
@             999999.999 56047.0373209764065     3.00
@             999999.999 56047.0473199900604     3.00
@             999999.999 56047.0573189926414     3.00
@             999999.999 56047.0673180159083     3.00
@             999999.999 56047.0773169967099     3.00
@             999999.999 56047.0873160299967     3.00
@             999999.999 56047.0973150209291     3.00
@             999999.999 56047.1073140327693     3.00
@             999999.999 56047.1173130654958     3.00
@             999999.999 56047.1273120558019     3.00
@             999999.999 56047.1373110668578     3.00
@             999999.999 56047.1473100669220     3.00
@             999999.999 56047.1573090874768     3.00
@             999999.999 56047.1673080967196     3.00
@             999999.999 56047.1773071260724     3.00
@             999999.999 56047.1873061120454     3.00
@             999999.999 56047.1973051176285     3.00
@             999999.999 56047.2073041425281     3.00
@             999999.999 56047.2173031547944     3.00
@             999999.999 56047.2273021540770     3.00
@             999999.999 56047.2373011716252     3.00
@             999999.999 56047.2473001754063     3.00
@             999999.999 56047.2572991966161     3.00
@             999999.999 56047.2672982031696     3.00
@             999999.999 56047.2772971945838     3.00
@             999999.999 56047.2872962336072     3.00
@             999999.999 56047.2972952248253     3.00
@             999999.999 56047.3072942309400     3.00
@             999999.999 56047.3172932513751     3.00
@             999999.999 56047.3272922539055     3.00
@             999999.999 56047.3372912695412     3.00
@             999999.999 56047.3472902660172     3.00
@             999999.999 56047.3572892743054     3.00
@             999999.999 56047.3672882937326     3.00
@             999999.999 56047.3772872919806     3.00
@             999999.999 56047.3872863316001     3.00
@             999999.999 56047.3972853169862     3.00
@             999999.999 56047.4072843422899     3.00
@             999999.999 56047.4172833435087     3.00
@             999999.999 56047.4272823515133     3.00
@             999999.999 56047.4372813655363     3.00
@             999999.999 56047.4472803848009     3.00
@             999999.999 56047.4572793768943     3.00
@             999999.999 56047.4672784042818     3.00
@             999999.999 56047.4772774029098     3.00
@             999999.999 56047.4872764036054     3.00
@             999999.999 56047.4972754371926     3.00
@             999999.999 56047.5072744396080     3.00
@             999999.999 56047.5172734416727     3.00
@             999999.999 56047.5272724425798     3.00
@             999999.999 56047.5372714731523     3.00
@             999999.999 56047.5472704693309     3.00
@             999999.999 56047.5572694935737     3.00
@             999999.999 56047.5672684818306     3.00
@             999999.999 56047.5772674965712     3.00
@             999999.999 56047.5872665053876     3.00
@             999999.999 56047.5972655391371     3.00
@             999999.999 56047.6072645338020     3.00
@             999999.999 56047.6172635518890     3.00
@             999999.999 56047.6272625610315     3.00
@             999999.999 56047.6372615605050     3.00
@             999999.999 56047.6472605812269     3.00
@             999999.999 56047.6572595908738     3.00
@             999999.999 56047.6672585887671     3.00
@             999999.999 56047.6772576058732     3.00
@             999999.999 56047.6872566099210     3.00
@             999999.999 56047.6972556319149     3.00
@             999999.999 56047.7072546396235     3.00
@             999999.999 56047.7172536324645     3.00
@             999999.999 56047.7272526415057     3.00
@             999999.999 56047.7372516662098     3.00
@             999999.999 56047.7472506744354     3.00
@             999999.999 56047.7572496656935     3.00
@             999999.999 56047.7672487027757     3.00
@             999999.999 56047.7772476903612     3.00
@             999999.999 56047.7872467229214     3.00
@             999999.999 56047.7972457051898     3.00
@             999999.999 56047.8072447316922     3.00
@             999999.999 56047.8172437388460     3.00
@             999999.999 56047.8272427579793     3.00
@             999999.999 56047.8372417571949     3.00
@             999999.999 56047.8472407678800     3.00
@             999999.999 56047.8572397898242     3.00
@             999999.999 56047.8672387912207     3.00
@             999999.999 56047.8772378035474     3.00
@             999999.999 56047.8872367950591     3.00
@             999999.999 56047.8972358289221     3.00
@             999999.999 56047.9072348418268     3.00
@             999999.999 56047.9172338337484     3.00
@             999999.999 56047.9272328363202     3.00
@             999999.999 56047.9372318495797     3.00
@             999999.999 56047.9472308735960     3.00
@             999999.999 56047.9572298768428     3.00
@             999999.999 56047.9672288910776     3.00
@             999999.999 56047.9772278848360     3.00
@             999999.999 56047.9872269215630     3.00
@             999999.999 56047.9972259066026     3.00
@             999999.999 56048.0072249350861     3.00
@             999999.999 56048.0172239440432     3.00
@             999999.999 56048.0272229337856     3.00
@             999999.999 56048.0372219679048     3.00
@             999999.999 56048.0472209518914     3.00
@             999999.999 56048.0572199810184     3.00
@             999999.999 56048.0672189924571     3.00
@             999999.999 56048.0772179866563     3.00
@             999999.999 56048.0872169957165     3.00
@             999999.999 56048.0972160201373     3.00
@             999999.999 56048.1072150288169     3.00
@             999999.999 56048.1172140223026     3.00
@             999999.999 56048.1272130327899     3.00
@             999999.999 56048.1372120608702     3.00
@             999999.999 56048.1472110755306     3.00
@             999999.999 56048.1572100774035     3.00
@             999999.999 56048.1672090987656     3.00
@             999999.999 56048.1772081086611     3.00
@             999999.999 56048.1872071077762     3.00
@             999999.999 56048.1972061284387     3.00
@             999999.999 56048.2072051397404     3.00
@             999999.999 56048.2172041424127     3.00
@             999999.999 56048.2272031371993     3.00
@             999999.999 56048.2372021564808     3.00
@             999999.999 56048.2472011693981     3.00
@             999999.999 56048.2572001767265     3.00
@             999999.999 56048.2671991792496     3.00
@             999999.999 56048.2771981777581     3.00
@             999999.999 56048.2871972046731     3.00
@             999999.999 56048.2971961975460     3.00
@             999999.999 56048.3071952204310     3.00
@             999999.999 56048.3171942425101     3.00
@             999999.999 56048.3271932329662     3.00
@             999999.999 56048.3371922558568     3.00
@             999999.999 56048.3471912487384     3.00
@             999999.999 56048.3571902756648     3.00
@             999999.999 56048.3671892741860     3.00
@             999999.999 56048.3771882767222     3.00
@             999999.999 56048.3871873156875     3.00
@             999999.999 56048.3971862969885     3.00
@             999999.999 56048.4071853162737     3.00
@             999999.999 56048.4171843426818     3.00
@             999999.999 56048.4271833453408     3.00
@             999999.999 56048.4371823566169     3.00
@             999999.999 56048.4471813456133     3.00
@             999999.999 56048.4571803762946     3.00
@             999999.999 56048.4671793861097     3.00
@             999999.999 56048.4771783757416     3.00
@             999999.999 56048.4871774091071     3.00
@             999999.999 56048.4971764236035     3.00
@             999999.999 56048.5071754198597     3.00
@             999999.999 56048.5171744301101     3.00
@             999999.999 56048.5271734549430     3.00
@             999999.999 56048.5371724632993     3.00
@             999999.999 56048.5471714557228     3.00
@             999999.999 56048.5571704643596     3.00
@             999999.999 56048.5671694897063     3.00
@             999999.999 56048.5771685006089     3.00
@             999999.999 56048.5871674975133     3.00
@             999999.999 56048.5971665124652     3.00
@             999999.999 56048.6071655142320     3.00
@             999999.999 56048.6171645348053     3.00
@             999999.999 56048.6271635428970     3.00
@             999999.999 56048.6371625388164     3.00
@             999999.999 56048.6471615544703     3.00
@             999999.999 56048.6571605584839     3.00
@             999999.999 56048.6671595827050     3.00
@             999999.999 56048.6771585956992     3.00
@             999999.999 56048.6871575976280     3.00
@             999999.999 56048.6971566202489     3.00
@             999999.999 56048.7071556320357     3.00
@             999999.999 56048.7171546330580     3.00
@             999999.999 56048.7271536233546     3.00
@             999999.999 56048.7371526345597     3.00
@             999999.999 56048.7471516666503     3.00
@             999999.999 56048.7571506563186     3.00
@             999999.999 56048.7671496667333     3.00
@             999999.999 56048.7771486977786     3.00
@             999999.999 56048.7871476860544     3.00
@             999999.999 56048.7971466946379     3.00
@             999999.999 56048.8071457233227     3.00
@             999999.999 56048.8171447402450     3.00
@             999999.999 56048.8271437451389     3.00
@             999999.999 56048.8371427377093     3.00
@             999999.999 56048.8471417492601     3.00
@             999999.999 56048.8571407794396     3.00
@             999999.999 56048.8671397646136     3.00
@             999999.999 56048.8771387992582     3.00
@             999999.999 56048.8871377880579     3.00
@             999999.999 56048.8971367938091     3.00
@             999999.999 56048.9071358160282     3.00
@             999999.999 56048.9171348225791     3.00
@             999999.999 56048.9271338445577     3.00
@             999999.999 56048.9371328497812     3.00
@             999999.999 56048.9471318376725     3.00
@             999999.999 56048.9571308708893     3.00
@             999999.999 56048.9671298855571     3.00
@             999999.999 56048.9771288810377     3.00
@             999999.999 56048.9871278883025     3.00
@             999999.999 56048.9971269066774     3.00
@             999999.999 56049.0071259038435     3.00
@             999999.999 56049.0171249107226     3.00
@             999999.999 56049.0271239265939     3.00
@             999999.999 56049.0371229507233     3.00
@             999999.999 56049.0471219507358     3.00
@             999999.999 56049.0571209575018     3.00
@             999999.999 56049.0671199702533     3.00
@             999999.999 56049.0771189882132     3.00
@             999999.999 56049.0871179789684     3.00
@             999999.999 56049.0971170049840     3.00
@             999999.999 56049.1071160022061     3.00
@             999999.999 56049.1171150330900     3.00
@             999999.999 56049.1271140335744     3.00
@             999999.999 56049.1371130344811     3.00
@             999999.999 56049.1471120350028     3.00
@             999999.999 56049.1571110659610     3.00
@             999999.999 56049.1671100632936     3.00
@             999999.999 56049.1771090894549     3.00
@             999999.999 56049.1871080803900     3.00
@             999999.999 56049.1971070985622     3.00
@             999999.999 56049.2071061115564     3.00
@             999999.999 56049.2171051185934     3.00
@             999999.999 56049.2271041189027     3.00
@             999999.999 56049.2371031433520     3.00
@             999999.999 56049.2471021595633     3.00
@             999999.999 56049.2571011667993     3.00
@             999999.999 56049.2671001643357     3.00
@             999999.999 56049.2770991830908     3.00
@             999999.999 56049.2870981907418     3.00
@             999999.999 56049.2970971866108     3.00
@             999999.999 56049.3070962016650     3.00
@             999999.999 56049.3170952036343     3.00
@             999999.999 56049.3270942235237     3.00
@             999999.999 56049.3370932291028     3.00
@             999999.999 56049.3470922514181     3.00
@             999999.999 56049.3570912582828     3.00
@             999999.999 56049.3670902807882     3.00
@             999999.999 56049.3770892867942     3.00
@             999999.999 56049.3870882758130     3.00
@             999999.999 56049.3970873106370     3.00
@             999999.999 56049.4070862959467     3.00
@             999999.999 56049.4170853262147     3.00
@             999999.999 56049.4270843378030     3.00
@             999999.999 56049.4370833303567     3.00
@             999999.999 56049.4470823351764     3.00
@             999999.999 56049.4570813519641     3.00
@             999999.999 56049.4670803804512     3.00
@             999999.999 56049.4770793887716     3.00
@             999999.999 56049.4870783767166     3.00
@             999999.999 56049.4970774073618     3.00
@             999999.999 56049.5070764173054     3.00
@             999999.999 56049.5170754064304     3.00
@             999999.999 56049.5270744379048     3.00
@             999999.999 56049.5370734484200     3.00
@             999999.999 56049.5470724379528     3.00
@             999999.999 56049.5570714381377     3.00
@             999999.999 56049.5670704490139     3.00
@             999999.999 56049.5770694706516     3.00
@             999999.999 56049.5870684715258     3.00
@             999999.999 56049.5970674833956     3.00
@             999999.999 56049.6070665064241     3.00
@             999999.999 56049.6170655091788     3.00
@             999999.999 56049.6270645235101     3.00
@             999999.999 56049.6370635180457     3.00
@             999999.999 56049.6470625563212     3.00
@             999999.999 56049.6570615437712     3.00
@             999999.999 56049.6670605756147     3.00
@             999999.999 56049.6770595573434     3.00
@             999999.999 56049.6870585842315     3.00
@             999999.999 56049.6970575934514     3.00
@             999999.999 56049.7070565854533     3.00
@             999999.999 56049.7170556239642     3.00
@             999999.999 56049.7270546146080     3.00
@             999999.999 56049.7370536211607     3.00
@             999999.999 56049.7470526441707     3.00
@             999999.999 56049.7570516525832     3.00
@             999999.999 56049.7670506469908     3.00
@             999999.999 56049.7770496596324     3.00
@             999999.999 56049.7870486911410     3.00
@             999999.999 56049.7970476789183     3.00
@             999999.999 56049.8070466868849     3.00
@             999999.999 56049.8170457157281     3.00
@             999999.999 56049.8270447345254     3.00
@             999999.999 56049.8370437439950     3.00
@             999999.999 56049.8470427448684     3.00
@             999999.999 56049.8570417378902     3.00
@             999999.999 56049.8670407554413     3.00
@             999999.999 56049.8770397666630     3.00
@             999999.999 56049.8870387723312     3.00
@             999999.999 56049.8970377732297     3.00
@             999999.999 56049.9070368017742     3.00
@             999999.999 56049.9170357955116     3.00
@             999999.999 56049.9270348184930     3.00
@             999999.999 56049.9370338398980     3.00
@             999999.999 56049.9470328289086     3.00
@             999999.999 56049.9570318495826     3.00
@             999999.999 56049.9670308711026     3.00
@             999999.999 56049.9770298626499     3.00
@             999999.999 56049.9870288882783     3.00
@             999999.999 56049.9970278855376     3.00
@             999999.999 56050.0070268868476     3.00
@             999999.999 56050.0170258929972     3.00
@             999999.999 56050.0270249047678     3.00
@             999999.999 56050.0370239229323     3.00
@             999999.999 56050.0470229482540     3.00
@             999999.999 56050.0570219498604     3.00
@             999999.999 56050.0670209601172     3.00
@             999999.999 56050.0770199797521     3.00
@             999999.999 56050.0870189778537     3.00
@             999999.999 56050.0970179867455     3.00
@             999999.999 56050.1070170071102     3.00
@             999999.999 56050.1170160079876     3.00
@             999999.999 56050.1270150216504     3.00
@             999999.999 56050.1370140171011     3.00
@             999999.999 56050.1470130265733     3.00
@             999999.999 56050.1570120506543     3.00
@             999999.999 56050.1670110582841     3.00
@             999999.999 56050.1770100500055     3.00
@             999999.999 56050.1870090579635     3.00
@             999999.999 56050.1970080826537     3.00
@             999999.999 56050.2070070929209     3.00
@             999999.999 56050.2170060892099     3.00
@             999999.999 56050.2270051035653     3.00
@             999999.999 56050.2370041363792     3.00
@             999999.999 56050.2470031247641     3.00
@             999999.999 56050.2570021323085     3.00
@             999999.999 56050.2670011593207     3.00
@             999999.999 56050.2770001744540     3.00
@             999999.999 56050.2869991779584     3.00
@             999999.999 56050.2969981700541     3.00
@             999999.999 56050.3069971825578     3.00
@             999999.999 56050.3169962156299     3.00
@             999999.999 56050.3269952061473     3.00
@             999999.999 56050.3369942174618     3.00
@             999999.999 56050.3469932180152     3.00
@             999999.999 56050.3569922394715     3.00
@             999999.999 56050.3669912502104     3.00
@             999999.999 56050.3769902502072     3.00
@             999999.999 56050.3869892710333     3.00
@             999999.999 56050.3969882809755     3.00
@             999999.999 56050.4069872799166     3.00
@             999999.999 56050.4169862993360     3.00
@             999999.999 56050.4269853074287     3.00
@             999999.999 56050.4369843039868     3.00
@             999999.999 56050.4469833203994     3.00
@             999999.999 56050.4569823247724     3.00
@             999999.999 56050.4669813484367     3.00
@             999999.999 56050.4769803594401     3.00
@             999999.999 56050.4869793574298     3.00
@             999999.999 56050.4969783736527     3.00
@             999999.999 56050.5069773760737     3.00
@             999999.999 56050.5169763958864     3.00
@             999999.999 56050.5269754010034     3.00
@             999999.999 56050.5369744225674     3.00
@             999999.999 56050.5469734284415     3.00
@             999999.999 56050.5569724497204     3.00
@             999999.999 56050.5669714542204     3.00
@             999999.999 56050.5769704729914     3.00
@             999999.999 56050.5869694738063     3.00
@             999999.999 56050.5969684876736     3.00
@             999999.999 56050.6069674823263     3.00
@             999999.999 56050.6169664887350     3.00
@             999999.999 56050.6269655062250     3.00
@             999999.999 56050.6369645024765     3.00
@             999999.999 56050.6469635400390     3.00
@             999999.999 56050.6569625233064     3.00
@             999999.999 56050.6669615464287     3.00
@             999999.999 56050.6769605454020     3.00
@             999999.999 56050.6869595510965     3.00
@             999999.999 56050.6969585627436     3.00
@             999999.999 56050.7069575795659     3.00
@             999999.999 56050.7169566007783     3.00
@             999999.999 56050.7269555939605     3.00
@             999999.999 56050.7369546215720     3.00
@             999999.999 56050.7469536195545     3.00
@             999999.999 56050.7569526503598     3.00
@             999999.999 56050.7669516499248     3.00
@             999999.999 56050.7769506490703     3.00
@             999999.999 56050.7869496786180     3.00
@             999999.999 56050.7969486745060     3.00
@             999999.999 56050.8069476991886     3.00
@             999999.999 56050.8169466886110     3.00
@             999999.999 56050.8269457052370     3.00
@             999999.999 56050.8369447166517     3.00
@             999999.999 56050.8469437220762     3.00
@             999999.999 56050.8569427207405     3.00
@             999999.999 56050.8669417435127     3.00
@             999999.999 56050.8769407580154     3.00
@             999999.999 56050.8869397635116     3.00
@             999999.999 56050.8969387592779     3.00
@             999999.999 56050.9069377762330     3.00
@             999999.999 56050.9169367820551     3.00
@             999999.999 56050.9269358076947     3.00
@             999999.999 56050.9369348208640     3.00
@             999999.999 56050.9469338209216     3.00
@             999999.999 56050.9569328388735     3.00
@             999999.999 56050.9669318424902     3.00
@             999999.999 56050.9769308628191     3.00
@             999999.999 56050.9869298676743     3.00
@             999999.999 56050.9969288565205     3.00
@             999999.999 56051.0069278921019     3.00
@             999999.999 56051.0169268790485     3.00
@             999999.999 56051.0269259117816     3.00
@             999999.999 56051.0369248949829     3.00
@             999999.999 56051.0469239231260     3.00
@             999999.999 56051.0569229325744     3.00
@             999999.999 56051.0669219546014     3.00
@             999999.999 56051.0769209572544     3.00
@             999999.999 56051.0869199718641     3.00
@             999999.999 56051.0969189665359     3.00
@             999999.999 56051.1069179726594     3.00
@             999999.999 56051.1169169900271     3.00
@             999999.999 56051.1269159868348     3.00
@             999999.999 56051.1369149945631     3.00
@             999999.999 56051.1469140130964     3.00
@             999999.999 56051.1569130423499     3.00
@             999999.999 56051.1669120506437     3.00
@             999999.999 56051.1769110379558     3.00
@             999999.999 56051.1869100675487     3.00
@             999999.999 56051.1969090762096     3.00
@             999999.999 56051.2069080640104     3.00
@             999999.999 56051.2169070943069     3.00
@             999999.999 56051.2269061039800     3.00
@             999999.999 56051.2369050931945     3.00
@             999999.999 56051.2469041253979     3.00
@             999999.999 56051.2569031375632     3.00
@             999999.999 56051.2669021299457     3.00
@             999999.999 56051.2769011344563     3.00
@             999999.999 56051.2869001514087     3.00
@             999999.999 56051.2968991811453     3.00
@             999999.999 56051.3068981607850     3.00
@             999999.999 56051.3168971856032     3.00
@             999999.999 56051.3268961927735     3.00
@             999999.999 56051.3368952143728     3.00
@             999999.999 56051.3468942192523     3.00
@             999999.999 56051.3568932395394     3.00
@             999999.999 56051.3668922441346     3.00
@             999999.999 56051.3768912335872     3.00
@             999999.999 56051.3868902400944     3.00
@             999999.999 56051.3968892642496     3.00
@             999999.999 56051.4068882750418     3.00
@             999999.999 56051.4168872731051     3.00
@             999999.999 56051.4268862907177     3.00
@             999999.999 56051.4368852969252     3.00
@             999999.999 56051.4468843240408     3.00
@             999999.999 56051.4568833095178     3.00
@             999999.999 56051.4668823489501     3.00
@             999999.999 56051.4768813481947     3.00
@             999999.999 56051.4868803396215     3.00
@             999999.999 56051.4968793556122     3.00
@             999999.999 56051.5068783653084     3.00
@             999999.999 56051.5168773694863     3.00
@             999999.999 56051.5268764005552     3.00
@             999999.999 56051.5368753960561     3.00
@             999999.999 56051.5468744200359     3.00
@             999999.999 56051.5568734100460     3.00
@             999999.999 56051.5668724301412     3.00
@             999999.999 56051.5768714495034     3.00
@             999999.999 56051.5868704373156     3.00
@             999999.999 56051.5968694576353     3.00
@             999999.999 56051.6068684796436     3.00
@             999999.999 56051.6168674725193     3.00
@             999999.999 56051.6268665003119     3.00
@             999999.999 56051.6368655005662     3.00
@             999999.999 56051.6468645056955     3.00
@             999999.999 56051.6568635164809     3.00
@             999999.999 56051.6668625336950     3.00
@             999999.999 56051.6768615264756     3.00
@             999999.999 56051.6868605588248     3.00
@             999999.999 56051.6968595682326     3.00
@             999999.999 56051.7068585554260     3.00
@             999999.999 56051.7168575843685     3.00
@             999999.999 56051.7268565925074     3.00
@             999999.999 56051.7368556121498     3.00
@             999999.999 56051.7468546123348     3.00
@             999999.999 56051.7568536253341     3.00
@             999999.999 56051.7668526201495     3.00
@             999999.999 56051.7768516290138     3.00
@             999999.999 56051.7868506525131     3.00
@             999999.999 56051.7968496595866     3.00
@             999999.999 56051.8068486824016     3.00
@             999999.999 56051.8168476898510     3.00
@             999999.999 56051.8268466824291     3.00
@             999999.999 56051.8368456922309     3.00
@             999999.999 56051.8468447197003     3.00
@             999999.999 56051.8568437020033     3.00
@             999999.999 56051.8668427344082     3.00
@             999999.999 56051.8768417224005     3.00
@             999999.999 56051.8868407611936     3.00
@             999999.999 56051.8968397562162     3.00
@             999999.999 56051.9068387709986     3.00
@             999999.999 56051.9168377741633     3.00
@             999999.999 56051.9268367975557     3.00
@             999999.999 56051.9368358097386     3.00
@             999999.999 56051.9468348108708     3.00
@             999999.999 56051.9568338010807     3.00
@             999999.999 56051.9668328120923     3.00
@             999999.999 56051.9768318439727     3.00
@             999999.999 56051.9868308335047     3.00
@             999999.999 56051.9968298439465     3.00
@             999999.999 56052.0068288752723     3.00
@             999999.999 56052.0168278641716     3.00
@             999999.999 56052.0268268738103     3.00
@             999999.999 56052.0368259040702     3.00
@             999999.999 56052.0468248915481     3.00
@             999999.999 56052.0568238993189     3.00
@             999999.999 56052.0668229271734     3.00
@             999999.999 56052.0768219432453     3.00
@             999999.999 56052.0868209472660     3.00
@             999999.999 56052.0968199389381     3.00
@             999999.999 56052.1068189495628     3.00
@             999999.999 56052.1168179787861     3.00
@             999999.999 56052.1268169945988     3.00
@             999999.999 56052.1368159965921     3.00
@             999999.999 56052.1468150159586     3.00
@             999999.999 56052.1568140206096     3.00
@             999999.999 56052.1668130100591     3.00
@             999999.999 56052.1768120470523     3.00
@             999999.999 56052.1868110361717     3.00
@             999999.999 56052.1968100401162     3.00
@             999999.999 56052.2068090583069     3.00
@             999999.999 56052.2168080585157     3.00
@             999999.999 56052.2268070717504     3.00
@             999999.999 56052.2368060973711     3.00
@             999999.999 56052.2468051030917     3.00
@             999999.999 56052.2568041198644     3.00
@             999999.999 56052.2668031153690     3.00
@             999999.999 56052.2768021205261     3.00
@             999999.999 56052.2868011346137     3.00
@             999999.999 56052.2968001568963     3.00
@             999999.999 56052.3067991549981     3.00
@             999999.999 56052.3167981597884     3.00
@             999999.999 56052.3267971704986     3.00
@             999999.999 56052.3367961863507     3.00
@             999999.999 56052.3467952065594     3.00
@             999999.999 56052.3567941987040     3.00
@             999999.999 56052.3667932252439     3.00
@             999999.999 56052.3767922221205     3.00
@             999999.999 56052.3867912517857     3.00
@             999999.999 56052.3967902501762     3.00
@             999999.999 56052.4067892481128     3.00
@             999999.999 56052.4167882764173     3.00
@             999999.999 56052.4267872710278     3.00
@             999999.999 56052.4367862943990     3.00
@             999999.999 56052.4467852824760     3.00
@             999999.999 56052.4567842977230     3.00
@             999999.999 56052.4667833077254     3.00
@             999999.999 56052.4767823433330     3.00
@             999999.999 56052.4867813405194     3.00
@             999999.999 56052.4967803617817     3.00
@             999999.999 56052.5067793431147     3.00
@             999999.999 56052.5167783786667     3.00
@             999999.999 56052.5267773728300     3.00
@             999999.999 56052.5367763881525     3.00
@             999999.999 56052.5467753923128     3.00
@             999999.999 56052.5567744162625     3.00
@             999999.999 56052.5667734277142     3.00
@             999999.999 56052.5767724260276     3.00
@             999999.999 56052.5867714422094     3.00
@             999999.999 56052.5967704440310     3.00
@             999999.999 56052.6067694625409     3.00
@             999999.999 56052.6167684655542     3.00
@             999999.999 56052.6267674841643     3.00
@             999999.999 56052.6367664862332     3.00
@             999999.999 56052.6467655029028     3.00
@             999999.999 56052.6567645020850     3.00
@             999999.999 56052.6667635149731     3.00
@             999999.999 56052.6767625095317     3.00
@             999999.999 56052.6867615486352     3.00
@             999999.999 56052.6967605370488     3.00
@             999999.999 56052.7067595693304     3.00
@             999999.999 56052.7167585503027     3.00
@             999999.999 56052.7267575745815     3.00
@             999999.999 56052.7367565786762     3.00
@             999999.999 56052.7467555940076     3.00
@             999999.999 56052.7567545887730     3.00
@             999999.999 56052.7667536260811     3.00
@             999999.999 56052.7767526109370     3.00
@             999999.999 56052.7867516381381     3.00
@             999999.999 56052.7967506443789     3.00
@             999999.999 56052.8067496612654     3.00
@             999999.999 56052.8167486571815     3.00
@             999999.999 56052.8267476637959     3.00
@             999999.999 56052.8367466811814     3.00
@             999999.999 56052.8467456778161     3.00
@             999999.999 56052.8567447170876     3.00
@             999999.999 56052.8667437042832     3.00
@             999999.999 56052.8767427344780     3.00
@             999999.999 56052.8867417446462     3.00
@             999999.999 56052.8967407350447     3.00
@             999999.999 56052.9067397375854     3.00
@             999999.999 56052.9167387525834     3.00
@             999999.999 56052.9267377803823     3.00
@             999999.999 56052.9367367897281     3.00
@             999999.999 56052.9467357810200     3.00
@             999999.999 56052.9567347863100     3.00
@             999999.999 56052.9667338060505     3.00
@             999999.999 56052.9767328090938     3.00
@             999999.999 56052.9867318275683     3.00
@             999999.999 56052.9967308303756     3.00
@             999999.999 56053.0067298496914     3.00
@             999999.999 56053.0167288544631     3.00
@             999999.999 56053.0267278769104     3.00
@             999999.999 56053.0367268860230     3.00
@             999999.999 56053.0467258824362     3.00
@             999999.999 56053.0567248984287     3.00
@             999999.999 56053.0667239030472     3.00
@             999999.999 56053.0767229286054     3.00
@             999999.999 56053.0867219125572     3.00
@             999999.999 56053.0967209504973     3.00
@             999999.999 56053.1067199482831     3.00
@             999999.999 56053.1167189699103     3.00
@             999999.999 56053.1267179528857     3.00
@             999999.999 56053.1367169928518     3.00
@             999999.999 56053.1467159957098     3.00
@             999999.999 56053.1567149938694     3.00
@             999999.999 56053.1667140197470     3.00
@             999999.999 56053.1767130108897     3.00
@             999999.999 56053.1867120313490     3.00
@             999999.999 56053.1967110503048     3.00
@             999999.999 56053.2067100369392     3.00
@             999999.999 56053.2167090553100     3.00
@             999999.999 56053.2267080745999     3.00
@             999999.999 56053.2367070639899     3.00
@             999999.999 56053.2467060875334     3.00
@             999999.999 56053.2567050827800     3.00
@             999999.999 56053.2667041137739     3.00
@             999999.999 56053.2767031180535     3.00
@             999999.999 56053.2867021280243     3.00
@             999999.999 56053.2967011444586     3.00
@             999999.999 56053.3067001364937     3.00
@             999999.999 56053.3166991681312     3.00
@             999999.999 56053.3266981768606     3.00
@             999999.999 56053.3366971634083     3.00
@             999999.999 56053.3466961917370     3.00
@             999999.999 56053.3566951992935     3.00
@             999999.999 56053.3666942183841     3.00
@             999999.999 56053.3766932180471     3.00
@             999999.999 56053.3866922305534     3.00
@             999999.999 56053.3966912249040     3.00
@             999999.999 56053.4066902333307     3.00
@             999999.999 56053.4166892564187     3.00
@             999999.999 56053.4266882631062     3.00
@             999999.999 56053.4366872855595     3.00
@             999999.999 56053.4466862926705     3.00
@             999999.999 56053.4566852849324     3.00
@             999999.999 56053.4666842944390     3.00
@             999999.999 56053.4766833216332     3.00
@             999999.999 56053.4866823353057     3.00
@             999999.999 56053.4966813358458     3.00
@             999999.999 56053.5066803552415     3.00
@             999999.999 56053.5166793622011     3.00
@             999999.999 56053.5266783570302     3.00
@             999999.999 56053.5366773716315     3.00
@             999999.999 56053.5466763746265     3.00
@             999999.999 56053.5566753978591     3.00
@             999999.999 56053.5666744098908     3.00
@             999999.999 56053.5766734108792     3.00
@             999999.999 56053.5866724325776     3.00
@             999999.999 56053.5966714434560     3.00
@             999999.999 56053.6066704435798     3.00
@             999999.999 56053.6166694646102     3.00
@             999999.999 56053.6266684749244     3.00
@             999999.999 56053.6366674744950     3.00
@             999999.999 56053.6466664948904     3.00
@             999999.999 56053.6566655043950     3.00
@             999999.999 56053.6666645028887     3.00
@             999999.999 56053.6766635218483     3.00
@             999999.999 56053.6866625294663     3.00
@             999999.999 56053.6966615255318     3.00
@             999999.999 56053.7066605414318     3.00
@             999999.999 56053.7166595452691     3.00
@             999999.999 56053.7266585683724     3.00
@             999999.999 56053.7366575787871     3.00
@             999999.999 56053.7466565761578     3.00
@             999999.999 56053.7566555917289     3.00
@             999999.999 56053.7666545934631     3.00
@             999999.999 56053.7766536125517     3.00
@             999999.999 56053.7866526169051     3.00
@             999999.999 56053.7966516376639     3.00
@             999999.999 56053.8066506426889     3.00
@             999999.999 56053.8166496314450     3.00
@             999999.999 56053.8266486666301     3.00
@             999999.999 56053.8366476527806     3.00
@             999999.999 56053.8466466841796     3.00
@             999999.999 56053.8566456969496     3.00
@             999999.999 56053.8666446904502     3.00
@             999999.999 56053.8766436956504     3.00
@             999999.999 56053.8866427118738     3.00
@             999999.999 56053.8966417384276     3.00
@             999999.999 56053.9066407429753     3.00
@             999999.999 56053.9166397564224     3.00
@             999999.999 56053.9266387464049     3.00
@             999999.999 56053.9366377754310     3.00
@             999999.999 56053.9466367794850     3.00
@             999999.999 56053.9566357894258     3.00
@             999999.999 56053.9666348044753     3.00
@             999999.999 56053.9766337922194     3.00
@             999999.999 56053.9866328151224     3.00
@             999999.999 56053.9966318091297     3.00
