MODE 1

1               1496.634 56101.8627452679622    2.555
1               1496.634 56101.8631008155512    2.175
1               1496.634 56101.8634563631347    2.347
1               1496.634 56101.8638119107111    2.514
1               1496.634 56101.8641673951123    2.025
1               1496.634 56101.8645229742640    1.957
1               1496.634 56101.8648784901633    2.123
1               1496.634 56101.8652340376453    2.259
1               1496.634 56101.8655895535320    2.551
1               1496.634 56101.8659450694188    2.454
1               1496.634 56101.8663006484799    2.198
1               1496.634 56101.8666561642938    2.468
1               1496.634 56101.8670116800584    2.187
1               1496.634 56101.8673672274721    2.978
1               1496.634 56101.8677227748319    2.470
1               1496.634 56101.8680782905779    2.306
1               1496.634 56101.8684338062944    2.302
1               1496.634 56101.8687893219797    2.718
1               1496.634 56101.8691449009216    2.948
1               1496.634 56101.8695004165826    2.197
1               1496.634 56101.8698559321400    2.351
1               1496.634 56101.8702114793758    2.608
1               1496.634 56101.8705669949495    2.712
1               1496.634 56101.8709225737763    2.320
1               1496.634 56101.8712780577019    1.975
1               1496.634 56101.8716336364693    2.766
1               1496.634 56101.8719891203998    2.518
1               1496.634 56101.8723446674396    2.740
1               1496.634 56101.8727001829834    2.649
1               1496.634 56101.8730557616152    2.637
1               1496.634 56101.8734112770068    3.277
1               1496.634 56101.8737668240953    2.576
1               1496.634 56101.8741223078105    2.264
1               1496.634 56101.8744778548572    2.479
1               1496.634 56101.8748334334310    3.037
1               1496.634 56101.8751889803353    2.839
1               1496.634 56101.8755444324468    2.502
1               1496.634 56101.8759000109454    3.021
1               1496.634 56101.8762555578249    3.086
1               1496.634 56101.8766111047249    2.498
1               1496.634 56101.8769666200064    3.034
1               1496.634 56101.8773221035091    2.774
1               1496.634 56101.8776776503900    2.630
1               1496.634 56101.8780332287493    3.092
1               1496.634 56101.8783887756034    3.225
1               1496.634 56101.8787442906775    3.052
1               1496.634 56101.8790997742114    2.729
1               1496.634 56101.8794553208131    2.962
1               1496.634 56101.8798108675054    3.104
1               1496.634 56101.8801664458304    3.154
1               1496.634 56101.8805219608147    3.860
1               1496.634 56101.8808774441997    3.745
1               1496.634 56101.8812329909724    3.236
1               1496.634 56101.8815885374323    3.718
1               1496.634 56101.8819440840269    2.961
1               1496.634 56101.8822996622847    4.535
1               1496.634 56101.8826550823167    4.271
1               1496.634 56101.8830106603520    4.398
1               1496.634 56101.8832477126348    8.240
