5.4937672727732284e-05	array([  1.21751850e+00,   1.62942606e+00,  -5.01434284e-05,
         6.74149579e-04,   4.07545137e-01,  -8.18258755e-01,
         2.29665596e-03,   7.46676475e+01,   3.27218153e+02,
        -3.52740495e-03,   3.51725735e-02,   3.13896711e+02,
         9.35865956e+01,   1.73456710e+00])	[1.203889632149939, 1.6294404172218868, -9.1164612475727e-05, 0.0007160676494805156, 0.39276516629304697, -0.87068578940786845, 0.13755975453755354, 74.38003075859251, 327.25245473751346, -0.0034558561029388595, 0.0351914425994066, 310.00662335671382, 92.49528796209016, 3.700779058944825]
5.6404375538420664e-05	array([  1.21753365e+00,   1.62942607e+00,  -4.48029233e-05,
         6.80755039e-04,   4.07548730e-01,  -1.47030493e-01,
         7.20067362e-03,   7.46676486e+01,   3.27215620e+02,
        -3.53400961e-03,   3.51696102e-02,   3.13893471e+02,
         3.93324920e+01,   4.88972168e+00])	[1.207874660645951, 1.6294088047000641, -9.511661430556683e-05, 0.0006778873388407221, 0.41054860811154265, 0.51863407151932162, 0.13570785673811228, 74.94469519659464, 327.25534995641385, -0.0034549322256549513, 0.03519772101224569, 313.60040473099514, 38.191430310060646, 4.334875836265461]
5.2818109056310404e-05	array([  1.21753563e+00,   1.62942544e+00,  -4.65784862e-05,
         6.77768379e-04,   4.07550340e-01,   3.06149415e-01,
         2.91704729e-03,   7.46688143e+01,   3.27220415e+02,
        -3.52675545e-03,   3.51703679e-02,   3.13897631e+02,
        -1.97086773e+01,   5.66466184e+00])	[1.2291661992118752, 1.6294335828716877, -7.97337697639604e-05, 0.0006823372933038209, 0.3948297307529629, -0.17921094469012683, 0.13669015862681055, 75.49744026667628, 327.25263337223481, -0.003470161088551126, 0.035187240612971356, 316.00135241566238, -19.620684451594741, 4.981536706703659]0.001834992620783191	array([  1.21727441e+00,   1.62931485e+00,   2.40391154e-04,
         6.57214848e-04,   4.06821860e-01,  -6.25469837e+00,
        -2.73675828e+00,   7.46498629e+01,   3.27041309e+02,
        -3.80591977e-03,   3.50889256e-02,   3.13704791e+02,
        -1.34276902e+02,   9.02128554e-02])	[1.2016994911120877, 1.6293903695924601, -8.323271583646701e-05, 0.000689253580203043, 0.3537666455913257, -2.4413188151807046, 0.13853200473412106, 74.91328448433823, 327.25794558447615, -0.0034776519131830387, 0.035199841077762875, 309.76625191427837, -133.95361113841406, 0.22970935810996315]
4.9682654939786381e-05	array([  1.21753038e+00,   1.62942579e+00,  -4.84222136e-05,
         6.76724817e-04,   4.07551752e-01,   2.37887974e-01,
         4.34215790e-04,   7.46690264e+01,   3.27220545e+02,
        -3.52837476e-03,   3.51694215e-02,   3.13897143e+02,
        -1.15083889e+02,   4.60010649e+00])	[1.2080542585580023, 1.6293763056809452, -8.910428942686036e-05, 0.0006908133363276903, 0.41350679263125523, -1.0384914571066188, 0.1350749114320527, 75.24835829568799, 327.26155148934492, -0.0034618208815328914, 0.03519390225934671, 313.30438295637623, -115.10399556285469, 4.189115358897926]
5.4570346290810298e-05	array([  1.21753670e+00,   1.62942624e+00,  -4.62999205e-05,
         6.76990997e-04,   4.07550126e-01,   1.64652408e+00,
         1.09148773e-03,   7.46689714e+01,   3.27221560e+02,
        -3.52879052e-03,   3.51694569e-02,   3.13897489e+02,
         4.61419749e+02,   4.90879336e+00])	[1.2161224721555928, 1.6293680268700299, -8.203846009008962e-05, 0.0006786392484455128, 0.41210763987896398, 0.98441080708894391, 0.135043415916149, 74.17692363002566, 327.25366075418634, -0.0034592328500653545, 0.03517981815463742, 314.80867765833204, 461.5887902796083, 4.875356945571567]
5.0494904650051852e-05	array([  1.21746920e+00,   1.62942607e+00,  -5.52214671e-05,
         6.73078211e-04,   4.07559491e-01,  -3.07700431e+00,
         5.02791542e-03,   7.46704734e+01,   3.27223674e+02,
        -3.52802680e-03,   3.51673483e-02,   3.13898638e+02,
        -9.69868688e+01,   4.02784986e+00])	[1.2156039839256239, 1.6294197309661311, -8.857613570136472e-05, 0.0006852008838445833, 0.41097150799412424, -0.75129085299170117, 0.13796116634446692, 75.35579337890746, 327.24595834486473, -0.0034645302753675694, 0.03519218016440912, 311.86359504128325, -97.523021530921667, 3.3570035376001996]
4.092809394545228e-05	array([  1.21748725e+00,   1.62942276e+00,  -6.00627274e-05,
         6.75966598e-04,   4.07547601e-01,   1.08460270e+00,
         1.47325033e-02,   7.46694729e+01,   3.27226003e+02,
        -3.51945052e-03,   3.51718323e-02,   3.13902376e+02,
        -8.91300134e+01,   3.30131434e+00])	[1.2130167091061599, 1.6293892639042802, -6.797790792779934e-05, 0.0006867136704272706, 0.41423649331061252, 2.3858016080297064, 0.13737724264335677, 73.51966278309322, 327.26296118854725, -0.0034800840265442564, 0.03518192042918877, 313.94245209615383, -89.387924547878271, 4.438753930916786]
0.85025662222905884	array([ -8.84898959e-02,   1.66109136e+00,   2.70310225e-02,
         1.40683501e-01,   4.38756243e-01,   4.76467365e+00,
        -2.53650865e+00,   7.59640207e+01,   3.29230080e+02,
        -4.54891309e-03,   3.88973087e-02,   3.14763206e+02,
         6.21872204e+03,   3.91562420e+00])	[1.2200610615472613, 1.6293633984927569, -0.00010290853244503905, 0.0006681299219577683, 0.39067240170603112, -0.62171531768274091, 0.13469961079475024, 74.3549052879865, 327.25178042672229, -0.003461784421164884, 0.035181289210687736, 317.24568030302117, 6223.3186062560753, 1.5276206611587748]
