2.3960574163345887e-05	1.2174747243188027	1.6294050499170794	-8.9245168615249682e-05	0.00068525301683582205	0.40750202237941829	0.74487363285118879	0.11700148191244052	74.672497726292931	327.25433310248133	-0.0034677237764728424	0.035184586522985437	313.93278525531576	39.497566934457602	0.022249717631385148	1.2174747243188027	1.6294050499170794	-8.9245168615249682e-05	0.00068525301683582205	0.40750202237941829	0.74487363285118879	0.11700148191244052	74.672497726292931	327.25433310248133	-0.0034677237764728424	0.035184586522985437	313.93278525531576	39.497566934457602	0.022249717631385148
2.3960574163345887e-05	1.2174747243188027	1.6294050499170794	-8.9245168615249682e-05	0.00068525301683582205	0.40750202237941829	0.74487363285118879	0.11700148191244052	74.672497726292931	327.25433310248133	-0.0034677237764728424	0.035184586522985437	313.93278525531576	39.497566934457602	0.022249717631385148	1.2174747243188027	1.6294050499170794	-8.9245168615249682e-05	0.00068525301683582205	0.40750202237941829	0.74487363285118879	0.11700148191244052	74.672497726292931	327.25433310248133	-0.0034677237764728424	0.035184586522985437	313.93278525531576	39.497566934457602	0.022249717631385148
2.3960574163345887e-05	1.2174747243188027	1.6294050499170794	-8.9245168615249682e-05	0.00068525301683582205	0.40750202237941829	0.74487363285118879	0.11700148191244052	74.672497726292931	327.25433310248133	-0.0034677237764728424	0.035184586522985437	313.93278525531576	39.497566934457602	0.022249717631385148	1.2174747243188027	1.6294050499170794	-8.9245168615249682e-05	0.00068525301683582205	0.40750202237941829	0.74487363285118879	0.11700148191244052	74.672497726292931	327.25433310248133	-0.0034677237764728424	0.035184586522985437	313.93278525531576	39.497566934457602	0.022249717631385148
0.0019995864563357468	1.2140256939078227	1.6293435070316229	4.7194284694669202e-05	0.00052747471378385548	0.40685345370027198	8.0527333690460861	-4.8935990503265767	74.650871005989941	327.11923053542864	-0.0036515407966584658	0.035142498289234728	313.80099930963428	82.470930845018231	0.0087578774898812526	1.2268982375502795	1.6294056568105471	-8.34842615668125e-05	0.000678888090715255	0.39928908479769926	0.3785710371790465	0.13782914678255406	75.5232108705676	327.2520738059896	-0.003470947820415222	0.03517969497376646	319.11470555617109	76.368402390267164	0.8874095143201427
0.00082693594633207834	1.216059512164624	1.6293393937896767	-1.3316507269201078e-05	0.00066339292031907806	0.40705629486789963	-7.9047068001604615	5.6878456499760199	74.673513407247512	327.25464517754045	-0.0034655341598848039	0.035182976832142283	313.93384280751252	-236.99971899739009	6.2688729510750241	1.1936673104625302	1.6293643381811556	-8.459138398851548e-05	0.000681873605919391	0.41349611739461889	-2.1342780104902257	0.1359829123809157	72.94110690567277	327.25832286725051	-0.0034670175732601028	0.035197774409284996	318.61090023967989	-236.37666710765558	6.106583134713875
4.9577611910767028e-05	1.2175299811869655	1.6294257539991897	-4.9164539267491846e-05	0.00067584485068844741	0.40755199898220201	-0.78520544779994372	4.9114329916206412e-05	74.669116878994146	327.22080195605895	-0.0035281426935145784	0.035169373236828796	313.89732593242707	7.8651852310936476	4.8407165496947187	1.2340713659669693	1.6294211621029697	-8.482048450796923e-05	0.0006836250035270941	0.40704928386311678	-0.71287401461885391	0.13787882384341668	74.0609329432126	327.26255653395373	-0.00346893027637049	0.035206126842204574	314.08499839313282	8.075509439546984	4.683531235002398
0.0042887914971745716	1.2280558036734828	1.6294109183032341	-0.00020046939222732497	0.00093416779044573042	0.40549652664120228	4.1403740505364111	-4.3872618051927708	74.65878188550964	327.16650550178588	-0.0035550491391487149	0.035174483895011981	313.85743050617202	258.67360532719016	3.878458811547929	1.2195138285637304	1.6293783977192471	-9.092810851093333e-05	0.0006748630516927275	0.40204567823967369	-0.21512018428085156	0.1361740593444242	74.42623246213611	327.24905600202339	-0.003439674507994433	0.035188720677441936	318.24945791076578	257.70607257045486	1.587067394255538
5.2932540935182187e-05	1.2175812011140565	1.6294260191133032	-4.8970109859623176e-05	0.00067841676229566208	0.40755823861137536	3.5348133660419507	0.002165086933171593	74.670082320581145	327.22292266954582	-0.0035275707604461542	0.035167601561051698	313.89848748256429	-190.41977899527001	1.2027311459298593	1.2343859524474095	1.6294424726370771	-8.554150546743508e-05	0.0006918279853042027	0.40858655068697441	0.91309779481017195	0.13737850581394484	74.6787892214485	327.25454753296412	-0.0034610566233943844	0.035182414414454605	315.22600294492906	-189.97273080419845	0.5471191023206505
8.7711257136371048e-05	1.2175756497925163	1.6294229800581723	-4.1164160685745709e-05	0.0006700946844615509	0.40753156168745097	0.83299885060515444	0.010235078758043085	74.66647265125232	327.21527240185424	-0.0035198891367298609	0.035177199833257122	313.89793073482917	-134.10413750238911	2.5568900036694377	1.2246362125931505	1.629440209020842	-8.467914754163508e-05	0.0006927956308438716	0.39687196812177816	-0.1636974384355086	0.13560095099386027	74.43792668420454	327.25058182736933	-0.003485149457334922	0.035180073053985524	314.84913411369473	-133.37823096202712	2.276430944207653
0.0022283212198518421	1.2148686452158397	1.6294433581370817	0.0007936219441111675	0.000741779023839252	0.40651605555322473	-17.437917410587868	-7.5101332989188476	74.653873713244096	327.18766534691633	-0.0035541879615455484	0.035167473836841039	313.88150883451323	5.0622604103917546	7.5476681083524788	1.2239349228677388	1.6293725460552717	-0.00010218598566178465	0.000681575099922166	0.41298534309805551	1.1474895818564783	0.13381431459432092	75.62616283918922	327.25668081762382	-0.003476150474065041	0.03518375990441659	310.9912757755352	-2.7544263988084325	4.0469970469552194
4.7239281134396178e-05	1.2174971779961181	1.6294259751313176	-5.1658083228146779e-05	0.00067429059113563959	0.40755345303912999	2.4702153399673872	0.0015616516286417932	74.669299710142695	327.22116017844451	-0.00352751264385778	0.0351693688437539	313.89781508811865	168.03726216114427	1.946718428238462	1.202626740963605	1.6293962167081757	-8.448889480914628e-05	0.0006862736066653741	0.37525986860127425	-0.87011335250979083	0.1369450192692773	74.13286577020985	327.25559391215234	-0.0034696171880939865	0.03517583895333294	317.32155571973675	170.25931510579076	1.8567407586098448
6.423789127886888e-05	1.217530681481525	1.6294258100777037	-4.0869371587979365e-05	0.00068699174836999008	0.40755706611918269	-3.0644169672547732	0.00076953076547947206	74.671410145216782	327.22511407319325	-0.0035297627288322147	0.035163942838260541	313.89804531182398	1.6726853590027699	7.8987181281738161	1.2119284107294217	1.6294014470175064	-9.025981363260975e-05	0.0007029537221399467	0.43435602287438924	0.16688854523765961	0.13557094404883996	74.71197324878243	327.24625875646473	-0.003483481222458348	0.03516189942182784	311.3294398999318	1.6775432432876816	4.513567572489954
0.0027332540770235807	1.2219044487087001	1.6294187124321027	-2.3138101340937376e-05	0.0012692105235769624	0.40827733216321133	-8.0749696818555279	-4.6911365402877685	74.63749012255721	327.14715398131818	-0.0035827317824906409	0.035190694386002933	313.86161027323669	-33.419529251376765	3.1096572146191011	1.2016990718465734	1.6293951305382997	-9.760469729703056e-05	0.0006757705366505345	0.39521651946735481	-1.6665265858050757	0.1360602260266601	75.68455312351192	327.25808970209283	-0.0034637929638439875	0.03518254519080833	318.00578858011289	-33.062828843660341	4.5191069102474595
5.0664805067386638e-05	1.2175297750264547	1.6294257892468018	-4.9687627799616513e-05	0.00067941895227588021	0.40754844563088743	-0.72482647227797092	0.00018561525270921432	74.669307085426553	327.22116610206274	-0.0035281760956900245	0.03516898895648423	313.89741510738247	-8.0499865883789212	0.86375297469540335	1.2158492706001094	1.6294214834601655	-9.176564793603088e-05	0.0006695217182805748	0.41154020974105859	-0.31893219189716071	0.1356184604469468	75.14623848130417	327.25729929783188	-0.0034627652875066747	0.03518754731520183	312.09409858824415	-7.8150792782675316	0.3806627180433609
5.035436712900699e-05	1.2175263514237855	1.6294256131649423	-6.0603036253325478e-05	0.00066531203188531572	0.40756167576033425	0.53672278001116258	0.0051087888901918607	74.669444214971136	327.22046002585057	-0.0035323795967118171	0.035167816155655625	313.8958447241269	94.567069172316693	2.3642387380252208	1.2255557863094844	1.629409759874006	-6.710670520097326e-05	0.0006725395341201554	0.41434868603633723	1.7228029047912223	0.1374821249311552	74.26449402617844	327.26289399913964	-0.003469892917012558	0.03517571761476564	309.85593362951499	92.475929443334351	4.449323000934338
0.0020226485954664814	1.2131314876611521	1.6294565630415485	-0.00011782670200097239	0.00045945370293988606	0.40669842466610945	1.6736988240095247	-2.8108330942915094	74.625617746058808	327.14039784577255	-0.0034654309028979385	0.035287321449462901	313.88335523018844	379.15815056901425	-4.9091433160130107	1.1905532788401822	1.6294134722105169	-9.373375935804089e-05	0.0006926109842538196	0.41351844956720496	-0.94402621097675521	0.13616690267681086	74.64372984407119	327.24659150046733	-0.0034656882974304325	0.035176567637818096	310.25639548170176	383.52239810692555	0.2171840103407429
4.7052414679402493e-05	1.2175432977861655	1.6294259036255272	-5.3892135399904598e-05	0.00067487786913500891	0.40755689100104042	-0.81370562731937957	0.0026335672896259403	74.66925287508468	327.22036117114709	-0.0035302827475417915	0.035168442619647002	313.89650580178721	88.652903375424629	5.171099906071543	1.239321071512307	1.6294297677772296	-9.512657876543736e-05	0.0006812793691655106	0.40672592251555695	-0.061036163048682326	0.13715784714918305	74.92146918586069	327.25094113243983	-0.003466499012982683	0.03519042055665847	313.39204501706394	87.885583954476274	4.994141916126679
5.0213266389938139e-05	1.2175313918847717	1.629425722755284	-5.0568142595783381e-05	0.00067595741709492016	0.40754740724194122	4.604578439491771	0.00074048213939742133	74.669136419598701	327.22107219503152	-0.0035276154802781818	0.035169581711253797	313.89765370578129	-74.862755587716677	-3.1152576588977849	1.2209393063438525	1.6294098086374662	-8.195512953692837e-05	0.0006736068297472526	0.4157798678194774	-2.9084345573182016	0.13576406046165038	73.98941400071085	327.25704809444215	-0.003474146529088383	0.03518145304833209	310.391418895735	-72.203653337189024	0.23498845427743772
0.0021604515657041323	1.2218866964729251	1.6294353796270002	-0.00022949733798977747	0.00081343798347222713	0.40822878412128782	-12.218268791598897	5.4387858417063919	74.669050639967153	327.24992311440735	-0.0034818557267098493	0.035203577222311246	313.93682041224503	-88.929013384950096	3.048221544317431	1.2228108357172476	1.6293975856626208	-0.00010015618515218774	0.0006726924696320307	0.41349829205907745	-1.34017109731365	0.13621119792437228	75.38997977819297	327.25145589024828	-0.0034345882431857187	0.035195324968646365	323.22459201360829	-72.008457896277662	0.029854679490931655
4.8933843583352533e-05	1.2175229642716989	1.6294253102896212	-5.0836009305849825e-05	0.0006748801922761067	0.40755269473661099	-6.4502722025109636	0.00094567514524015095	74.669088064287621	327.22091667257598	-0.0035277121480989859	0.035169541780495847	313.89740864097121	1073.5088438606933	3.0904874022237117	1.2197456694127067	1.6293775865025006	-7.668550961065989e-05	0.0006903865066511065	0.38889756986568408	-6.3655303272347421	0.13673468563667804	75.65018906612073	327.26262599594173	-0.0034574668729974722	0.03518868884268796	313.06342009034034	1073.9087279086805	2.8709124072489067
0.28253914460844104	1.2481724795012148	1.6295370166232557	-0.022483744597314892	0.021806034155356528	0.40941092968997755	-1.235539391289918	-1.0023216897413774	75.900307301115816	327.18018878307805	0.0073970664859837679	0.029278869970315168	312.41108762871005	159.03529612348871	5.3482458035011087	1.2186658658098253	1.6294085078137908	-8.607389282810267e-05	0.000695741422810926	0.40336641296309739	-2.1705774220567813	0.14009088895116453	75.97564922238541	327.25259769446592	-0.003459907648945162	0.03516767842988587	312.19819952182706	159.28375835694646	4.697012395555323
0.0031990215858901804	1.2179368264145123	1.6294308715157957	0.0011645421667963729	0.001729343462824979	0.40711799956734529	0.080892102433513718	0.33923413412534753	74.824073790891291	327.49015745181146	-0.0036333546113039299	0.034792042481559288	313.9267262487993	-368.43141641487153	1.7751949367155739	1.2274071662137898	1.6293636961687858	-8.037098375515124e-05	0.0007008761280054301	0.40429401258495284	-0.2640623873397594	0.13672583226951632	75.62161856464014	327.24959668936651	-0.0034622799933111555	0.035166343561186454	313.5163614846395	-368.34734192448667	1.9130139227126604
0.02502565962846021	1.2190858433727509	1.6293354581804376	-0.00049012955399017194	0.0080264105389173286	0.42221227461994515	0.2016255788363957	-1.5469485431741283	74.421601966974478	327.00256960500866	-0.0042383120704745083	0.034761010550618643	313.82145691545219	-8068.0413366576104	1.3142123427241543	1.210327383238652	1.6293909142953409	-9.54047780533763e-05	0.0006805565925028243	0.40563089901372124	-0.022760118138580546	0.1397319421255872	75.87507419617589	327.2605370098741	-0.0034704344519422767	0.03518639758025321	311.70501599101812	-8070.4858233324912	2.8939177300827588
5.4184622948452535e-05	1.2175306881779351	1.6294259641080726	-4.6347975724389667e-05	0.00067678470431341514	0.40754772267180339	-0.48317642836979641	0.0023210927482236895	74.668043911558371	327.21826014514193	-0.0035280293133257323	0.035171314202649094	313.896414260705	29.163270353128304	1.4431251687029556	1.214200947124077	1.6293781723193981	-8.728013983219806e-05	0.0006795493260967761	0.4322875221979014	-1.1813452492718008	0.1389336589162646	72.4716817273632	327.2565766158948	-0.0034729393847922805	0.03519214600046564	312.69303163440895	28.615335417418567	2.1086738773564755
0.0011970861153009884	1.2169991432229739	1.6293943938054234	-0.00064250807558295512	0.00015790357431753042	0.4082225167562793	-0.78819620307957117	0.41595798974649184	74.678519926908322	327.23829367465112	-0.0035753892898340964	0.035150987381937213	313.89638070560085	124.33502041007522	5.9750913194327824	1.207749814120307	1.6294012708602841	-0.00010173520889310767	0.0006865051647471659	0.4102119429082936	-0.88202630321825881	0.1363488415604345	74.55284035112035	327.24752048859438	-0.0034591731045177094	0.03518824936704226	316.64819623740772	123.78139641619117	5.021891558812569
0.0046866999583796446	1.2187210776557293	1.6295161858528049	-0.00088351480839434437	-0.00089764376561313067	0.40565279874051091	-10.792017370341283	-3.720320016341752	74.43487150678834	326.7772354456722	-0.003300782470299773	0.035756054181298721	313.83240725681674	6806.16147080052	1.8156976647633656	1.2336139176473417	1.629424776066178	-7.933141426059117e-05	0.0006755622154626294	0.42147967727669128	-5.0566318136877957	0.13616469820786542	73.64928642245737	327.25219512349958	-0.003489336035636374	0.03518698126549045	306.69014764499514	6796.1935293696833	5.257898094387694
6.1378680694208838e-05	1.2175836929042909	1.6294257491093425	-4.2035398411300668e-05	0.00068132469004111688	0.40755363285404628	18.305569050675722	0.0027532654759164147	74.670425889330545	327.22461127351812	-0.0035272440193132807	0.035166959272684879	313.89923475528883	344.71793138354252	-0.93553193158575176	1.2179977604192638	1.6293909623597354	-0.00010329160168657258	0.0006744502754977361	0.42709286148631054	17.660886391313166	0.13516486445859802	74.21980161891454	327.25525550649297	-0.003464169262143782	0.035182948833856253	318.07043137913445	338.14228426884455	0.5955874982664228
0.00064481750679787656	1.2182873869011586	1.6293412937819087	-4.0669345529825678e-05	0.00066636104991951793	0.40731475770532755	1.612360854768035	3.8542873603622252	74.660610232469196	327.22994817485011	-0.0034730369284683362	0.035207348381395852	313.92480737596566	62.361651727664707	-0.13317545606929146	1.217114010632027	1.6293907199260231	-8.682394735396842e-05	0.0006838763416099881	0.39544071423122051	0.48930013177630127	0.13517003382838982	75.37692900925573	327.25622702299665	-0.003464943266183244	0.035177262050488774	316.25595911641932	61.798271822264823	1.262092690740371
0.0059051564121759756	1.2123814075392003	1.6294517131919697	0.0012948169108831509	0.0015354899577553368	0.40593172745217249	-24.489526688930699	-2.1320823789680925	74.312050174868332	326.51020040207356	-0.0036068680528294245	0.03567997821473428	313.68721734074308	6.7032366205526275	1.3933139639263938	1.22266189914195	1.629439248013665	-9.522601451207797e-05	0.0006722011858126155	0.41269806367784023	2.0552782647174301	0.13585143243405381	73.5683891290587	327.25548594546632	-0.003458494530748908	0.03518948872316737	309.91178099892693	16.237501680334582	0.9803555412043866
0.00057989038915627568	1.2174363993639448	1.6294282967018314	0.00023747741887434839	0.00088365042718325062	0.40731016145816817	-0.14968390640199683	0.26290495553301013	74.652368604089276	327.15897450667279	-0.0035573258881454249	0.035173857442116506	313.85956659725002	-20.129482920364399	2.0033792636005603	1.2131878901187059	1.6294374949625414	-0.00010193792629574987	0.0006630603766497057	0.40430508500712881	0.12991494196579681	0.13565486311306743	75.70087676010488	327.24663186347385	-0.0034639147066481066	0.0351860422206566	314.12612265730087	-21.789891609295992	2.5734874395537033
2.3960574163345887e-05	1.2174747243188027	1.6294050499170794	-8.9245168615249682e-05	0.00068525301683582205	0.40750202237941829	0.74487363285118879	0.11700148191244052	74.672497726292931	327.25433310248133	-0.0034677237764728424	0.035184586522985437	313.93278525531576	39.497566934457602	0.022249717631385148	1.2174747243188027	1.6294050499170794	-8.9245168615249682e-05	0.00068525301683582205	0.40750202237941829	0.74487363285118879	0.11700148191244052	74.672497726292931	327.25433310248133	-0.0034677237764728424	0.035184586522985437	313.93278525531576	39.497566934457602	0.022249717631385148
6.2301296269335506e-05	1.2175446639201053	1.6294258445604455	-5.8406760954931367e-05	0.0006676208056806259	0.40755032900119209	18.202956890279278	0.0042632261375490938	74.667485681632414	327.21920400266697	-0.0035238494358955388	0.0351749087870631	313.89889180859672	133.70771632387067	-3.1429568822195821	1.1837495345832019	1.6294434859151457	-7.57771206356052e-05	0.0006962847052043296	0.41421844661235069	2.8105870877449806	0.13764241545830122	74.07349368709147	327.24941461208329	-0.0034463712412678956	0.035202568304372024	317.99471666204704	96.109207440050938	1.305349652778261
0.0018467025002944408	1.2158687494259957	1.6294352098980083	0.00036432212739412063	0.0012083185023343149	0.40813959649961046	-0.65729556632585162	0.5249823944976898	74.649816286597485	327.14601298422855	-0.0035144036837157916	0.035189205286620007	313.86576567296038	-161.21799450342547	4.7680337721146699	1.2312991116276484	1.6293996559550477	-9.712751667150215e-05	0.0006822071914015731	0.42440486876637024	0.31927796789802376	0.1357903407045674	75.13963231713318	327.24676981284011	-0.003458174006560489	0.03518058441884631	310.67147582654246	-160.54429335100943	2.6441325670158333
0.0061241412022738717	1.2077012634927968	1.6293092965854414	0.00033107431398419823	0.00099048053754381845	0.40671982442459154	-8.5114203824958654	-1.5458085339270713	74.292689763037274	326.04485733253119	-0.0045000551817427686	0.03532523059904448	313.10490159130131	-43.478132884007053	-0.073038413242007008	1.197154332598389	1.6294160915244744	-7.737841646199239e-05	0.0006805611947223707	0.39922204544210266	-8.83449004815159	0.13597331906590202	74.05182025136615	327.26070219576951	-0.003481255520843277	0.03518233030097524	311.47521605673296	-37.153461147276744	5.213820869719393
5.3192290220840708e-05	1.217526931296478	1.6294258647581923	-5.0251684067207716e-05	0.00067471910850442371	0.40754746565083055	-0.75197926691080053	0.00082541847824743923	74.668127608597331	327.2190144825168	-0.0035274445429734282	0.03517164507952613	313.89698849881637	143.9206519458964	-4.8436854248856838	1.2310386129038147	1.6293604231219141	-9.332901971093217e-05	0.0006904211761167856	0.44002745324851378	0.54104060733116144	0.13701902284099005	73.99387722121483	327.2584100483794	-0.0034772823397479996	0.03519374798609039	311.03909441311828	141.41032177095349	0.4577225254304267
4.9927701258945659e-05	1.2175290658389935	1.6294257063216062	-4.9500972619812357e-05	0.00067552642480604014	0.40755225383005839	-0.56750762476397731	0.00018989417189591875	74.669058658971295	327.22071153145777	-0.0035280126918581065	0.035169580959636716	313.89734432972341	120.63021516769594	0.20283729213018004	1.2211840453031109	1.6294058832289948	-7.709718571978212e-05	0.0006894419489781626	0.4018266366439977	-0.44213853424396987	0.1370064390702965	73.49421297982134	327.26284698107253	-0.0034568001768740895	0.035179637452189855	312.58625632230689	121.06633583649491	1.7457887863201196
5.1286519012534708e-05	1.2175616501320592	1.6294259482005298	-5.2595730863837495e-05	0.00067538879166788551	0.40755396483026063	-0.95718577005427163	0.0044890105823215624	74.668605420892064	327.21870510389829	-0.0035310112698906035	0.035169449583018458	313.89574537109934	42.417633044978551	4.6675789502135032	1.2122598455642652	1.6294371626902744	-9.25087679259567e-05	0.0006723830275473059	0.39357709726817952	1.9943091539628108	0.13819267342690003	76.32469957093085	327.256523668265	-0.003451598686867178	0.03518960422844639	309.1822735389332	39.888540944529524	4.589758545464115
0.0046235008766913185	1.2168857898580547	1.6294252855466735	-0.00023494502755972533	0.00087248642246997459	0.4039697572029019	-0.26401431783835394	0.51167503272823978	74.692700796178116	327.26297465558855	-0.0035364931725286003	0.035119022171877623	313.90487107661818	-639.35528715572582	2.1666405822438137	1.2231939559481129	1.6294055028592536	-9.253354981078736e-05	0.0006950158863591105	0.39545970134075931	-0.59270115367615439	0.1393319210790191	74.35056958551685	327.25261950983895	-0.0034586745242044595	0.03517927605900163	315.37375138987932	-639.16225931408587	1.2556900218575524
0.004884922756594857	1.2153286604786571	1.6294212137951634	-0.0016075480138407559	-0.00057994212502461171	0.40801600384535236	-2.0031425532626792	1.5199705903859517	74.417145893731174	326.75376035512198	-0.0033063920821941942	0.035804827758863622	313.84388150522796	-393.9105835638299	3.7111751294503144	1.2204171470365948	1.629424511259983	-0.00010596148010006644	0.0006786495767381469	0.38229277258239763	-0.58029512785740844	0.13643070821690115	74.65727174967358	327.25886972354408	-0.0034815653517316103	0.03517850102825011	308.88683882840684	-391.29881218438254	5.710973838163854
2.3960574163345887e-05	1.2174747243188027	1.6294050499170794	-8.9245168615249682e-05	0.00068525301683582205	0.40750202237941829	0.74487363285118879	0.11700148191244052	74.672497726292931	327.25433310248133	-0.0034677237764728424	0.035184586522985437	313.93278525531576	39.497566934457602	0.022249717631385148	1.2174747243188027	1.6294050499170794	-8.9245168615249682e-05	0.00068525301683582205	0.40750202237941829	0.74487363285118879	0.11700148191244052	74.672497726292931	327.25433310248133	-0.0034677237764728424	0.035184586522985437	313.93278525531576	39.497566934457602	0.022249717631385148
0.0001279615721142617	1.2175626436577629	1.629420767190821	-1.9524987405130795e-05	0.0006948556527823608	0.40754970337027896	-0.54632465706277611	0.036612844799657283	74.673057404365423	327.23184245642977	-0.0035144438870254526	0.035166185088907786	313.90467271177869	27.139785253558021	0.36044298656851798	1.2176918302168922	1.6294029975618338	-9.251748976823885e-05	0.0006679963797702045	0.38009344875983164	-0.47120566843712158	0.15070187942847976	74.67139982238419	327.25449746198206	-0.0034679525122723012	0.035203937960743316	313.50795247647392	26.852279288747582	0.8159620775496116
0.0016942769750825058	1.2179554913869863	1.6294445409161114	0.00062280161650851305	0.0010783007620497505	0.40680321670774822	-0.16453204954194159	4.8541687333283781	74.655706106623725	327.18110493763498	-0.0034951968995536728	0.035199466264990577	313.88111051702185	58.323188204008332	1.3680360164472904	1.2181258225617513	1.6294084955475805	-7.395314122679896e-05	0.0006761266049737861	0.41999385489262575	-2.7999841652534898	0.1231920024027644	74.56870847146646	327.25449699978338	-0.0034678190657938856	0.0351846888875597	316.94759233891426	54.998232035896102	3.9457094342400016
0.0021682320838257831	1.2165241040058388	1.6294476092687649	5.3854204215581413e-05	0.00083259230192923427	0.40810231432528171	0.4379714756389031	2.7746825471525725	74.706288096825872	327.28218631652368	-0.0035377556574815372	0.035081290657699382	313.90296160784243	256.67653199604797	1.8193374449311255	1.2172089055266502	1.629403154792644	-0.00010112547171772986	0.000674377379999477	0.40637188381635209	2.1097159521202791	0.16257791064640775	74.59051275513204	327.25378831511136	-0.0034713076636620215	0.03517495871684934	306.15730228556055	263.08516413936525	2.869865037824275
4.9577763623699697e-05	1.2175390808109625	1.6294257754270249	-4.8309505055598181e-05	0.00067736927167334055	0.40755247532521499	-0.59850270676003492	0.0018001691678258642	74.668965469813031	327.22000727748446	-0.0035293713382270118	0.035169152881853474	313.89664691941829	32.224896354715028	4.4783477033035703	1.2159654734004843	1.6294085498185036	-9.303837187170801e-05	0.0006952202649251576	0.42576709146632996	-0.1948490844405513	0.14446471878073625	74.67301236643691	327.25503103627801	-0.003467154555039984	0.03517390028678397	312.95284528768701	31.696242748967261	3.8110507057757776
5.2784777228605628e-05	1.2175290734731241	1.6294258056598763	-4.7652074459279451e-05	0.00067136911816242353	0.40754551784634568	0.080357232152792765	8.352383455268593e-07	74.669857799917082	327.22218143687928	-0.0035287119858339196	0.035167818545193893	313.89757792399166	-11.034441547622366	1.9449619841592432	1.2196678615259016	1.6294023636991928	-9.538372700419654e-05	0.0006720405740449274	0.41411602598639491	0.25344327229440911	0.1159356680547288	74.68648191259673	327.25346331419945	-0.0034623145036318127	0.03517957708092894	314.8444369302731	-7.8408811693459759	1.9641630209301995
