@             999999.999 55995.0024737498531     3.00
@             999999.999 55995.0124727609384     3.00
@             999999.999 55995.0224717607574     3.00
@             999999.999 55995.0324707807435     3.00
@             999999.999 55995.0424697890448     3.00
@             999999.999 55995.0524687854077     3.00
@             999999.999 55995.0624678011768     3.00
@             999999.999 55995.0724668044128     3.00
@             999999.999 55995.0824658264032     3.00
@             999999.999 55995.0924648351524     3.00
@             999999.999 55995.1024638302652     3.00
@             999999.999 55995.1124628429474     3.00
@             999999.999 55995.1224618727513     3.00
@             999999.999 55995.1324608875752     3.00
@             999999.999 55995.1424598869209     3.00
@             999999.999 55995.1524589018944     3.00
@             999999.999 55995.1624579003219     3.00
@             999999.999 55995.1724569132639     3.00
@             999999.999 55995.1824559085024     3.00
@             999999.999 55995.1924549170557     3.00
@             999999.999 55995.2024539382936     3.00
@             999999.999 55995.2124529399386     3.00
@             999999.999 55995.2224519529524     3.00
@             999999.999 55995.2324509766510     3.00
@             999999.999 55995.2424499787059     3.00
@             999999.999 55995.2524489900308     3.00
@             999999.999 55995.2624480098970     3.00
@             999999.999 55995.2724470059342     3.00
@             999999.999 55995.2824460090180     3.00
@             999999.999 55995.2924450183844     3.00
@             999999.999 55995.3024440332601     3.00
@             999999.999 55995.3124430528635     3.00
@             999999.999 55995.3224420447769     3.00
@             999999.999 55995.3324410714630     3.00
@             999999.999 55995.3424400688646     3.00
@             999999.999 55995.3524390994358     3.00
@             999999.999 55995.3624380991134     3.00
@             999999.999 55995.3724370987191     3.00
@             999999.999 55995.3824361290745     3.00
@             999999.999 55995.3924351261161     3.00
@             999999.999 55995.4024341522977     3.00
@             999999.999 55995.4124331435617     3.00
@             999999.999 55995.4224321623703     3.00
@             999999.999 55995.4324311763050     3.00
@             999999.999 55995.4424301845836     3.00
@             999999.999 55995.4524291864318     3.00
@             999999.999 55995.4624282127134     3.00
@             999999.999 55995.4724271994169     3.00
@             999999.999 55995.4824262090570     3.00
@             999999.999 55995.4924252409037     3.00
@             999999.999 55995.5024242309840     3.00
@             999999.999 55995.5124232418540     3.00
@             999999.999 55995.5224222412000     3.00
@             999999.999 55995.5324212599825     3.00
@             999999.999 55995.5424202659229     3.00
@             999999.999 55995.5524192900187     3.00
@             999999.999 55995.5624183000304     3.00
@             999999.999 55995.5724172953676     3.00
@             999999.999 55995.5824163070902     3.00
@             999999.999 55995.5924153346521     3.00
@             999999.999 55995.6024143459026     3.00
@             999999.999 55995.6124133403435     3.00
@             999999.999 55995.6224123491295     3.00
@             999999.999 55995.6324113718127     3.00
@             999999.999 55995.6424103763439     3.00
@             999999.999 55995.6524093939565     3.00
@             999999.999 55995.6624083926558     3.00
@             999999.999 55995.6724074037310     3.00
@             999999.999 55995.6824064268720     3.00
@             999999.999 55995.6924054301700     3.00
@             999999.999 55995.7024044450013     3.00
@             999999.999 55995.7124034395168     3.00
@             999999.999 55995.7224024451527     3.00
@             999999.999 55995.7324014617482     3.00
@             999999.999 55995.7424004575461     3.00
@             999999.999 55995.7523994957018     3.00
@             999999.999 55995.7623984812658     3.00
@             999999.999 55995.7723975090831     3.00
@             999999.999 55995.7823965158940     3.00
@             999999.999 55995.7923955333516     3.00
@             999999.999 55995.8023945298862     3.00
@             999999.999 55995.8123935372131     3.00
@             999999.999 55995.8223925554517     3.00
@             999999.999 55995.8323915531256     3.00
@             999999.999 55995.8423905620426     3.00
@             999999.999 55995.8523895824139     3.00
@             999999.999 55995.8623885828543     3.00
@             999999.999 55995.8723875952615     3.00
@             999999.999 55995.8823866199357     3.00
@             999999.999 55995.8923856255799     3.00
@             999999.999 55995.9023846441779     3.00
@             999999.999 55995.9123836444888     3.00
@             999999.999 55995.9223826585513     3.00
@             999999.999 55995.9323816551786     3.00
@             999999.999 55995.9423806664616     3.00
@             999999.999 55995.9523796928907     3.00
@             999999.999 55995.9623787033548     3.00
@             999999.999 55995.9723776983923     3.00
@             999999.999 55995.9823767101908     3.00
@             999999.999 55995.9923757077077     3.00
@             999999.999 55996.0023747231736     3.00
@             999999.999 55996.0123737255877     3.00
@             999999.999 55996.0223727472201     3.00
@             999999.999 55996.0323717571077     3.00
@             999999.999 55996.0423707559307     3.00
@             999999.999 55996.0523697760111     3.00
@             999999.999 55996.0623687864350     3.00
@             999999.999 55996.0723677879285     3.00
@             999999.999 55996.0823668128563     3.00
@             999999.999 55996.0923658303440     3.00
@             999999.999 55996.1023648411538     3.00
@             999999.999 55996.1123638460576     3.00
@             999999.999 55996.1223628458361     3.00
@             999999.999 55996.1323618412772     3.00
@             999999.999 55996.1423608648007     3.00
@             999999.999 55996.1523598855806     3.00
@             999999.999 55996.1623588727948     3.00
@             999999.999 55996.1723578905003     3.00
@             999999.999 55996.1823569078791     3.00
@             999999.999 55996.1923559257391     3.00
@             999999.999 55996.2023549132621     3.00
@             999999.999 55996.2123539345036     3.00
@             999999.999 55996.2223529586399     3.00
@             999999.999 55996.2323519548428     3.00
@             999999.999 55996.2423509555290     3.00
@             999999.999 55996.2523499614833     3.00
@             999999.999 55996.2623489734824     3.00
@             999999.999 55996.2723479922936     3.00
@             999999.999 55996.2823470186744     3.00
@             999999.999 55996.2923460217449     3.00
@             999999.999 55996.3023450338640     3.00
@             999999.999 55996.3123440241259     3.00
@             999999.999 55996.3223430564867     3.00
@             999999.999 55996.3323420683846     3.00
@             999999.999 55996.3423410604924     3.00
@             999999.999 55996.3523400650905     3.00
@             999999.999 55996.3623390828153     3.00
@             999999.999 55996.3723380826577     3.00
@             999999.999 55996.3823370968396     3.00
@             999999.999 55996.3923361259359     3.00
@             999999.999 55996.4023351072474     3.00
@             999999.999 55996.4123341361811     3.00
@             999999.999 55996.4223331499910     3.00
@             999999.999 55996.4323321491581     3.00
@             999999.999 55996.4423311657643     3.00
@             999999.999 55996.4523301686133     3.00
@             999999.999 55996.4623291897346     3.00
@             999999.999 55996.4723281978782     3.00
@             999999.999 55996.4823271933924     3.00
@             999999.999 55996.4923262082238     3.00
@             999999.999 55996.5023252110375     3.00
@             999999.999 55996.5123242337225     3.00
@             999999.999 55996.5223232448851     3.00
@             999999.999 55996.5323222447283     3.00
@             999999.999 55996.5423212650517     3.00
@             999999.999 55996.5523202743712     3.00
@             999999.999 55996.5623192727986     3.00
@             999999.999 55996.5723182920421     3.00
@             999999.999 55996.5823173005249     3.00
@             999999.999 55996.5923162982665     3.00
@             999999.999 55996.6023153168823     3.00
@             999999.999 55996.6123143247026     3.00
@             999999.999 55996.6223133532812     3.00
@             999999.999 55996.6323123392592     3.00
@             999999.999 55996.6423113457564     3.00
@             999999.999 55996.6523103726076     3.00
@             999999.999 55996.6623093879898     3.00
@             999999.999 55996.6723083916776     3.00
@             999999.999 55996.6823073834159     3.00
@             999999.999 55996.6923063945483     3.00
@             999999.999 55996.7023054247619     3.00
@             999999.999 55996.7123044420878     3.00
@             999999.999 55996.7223034461567     3.00
@             999999.999 55996.7323024365724     3.00
@             999999.999 55996.7423014445396     3.00
@             999999.999 55996.7523004696094     3.00
@             999999.999 55996.7622994796793     3.00
@             999999.999 55996.7722984742499     3.00
@             999999.999 55996.7822974844262     3.00
@             999999.999 55996.7922965096618     3.00
@             999999.999 55996.8022955177597     3.00
@             999999.999 55996.8122945397578     3.00
@             999999.999 55996.8222935434166     3.00
@             999999.999 55996.8322925597335     3.00
@             999999.999 55996.8422915564304     3.00
@             999999.999 55996.8522905644681     3.00
@             999999.999 55996.8622895831619     3.00
@             999999.999 55996.8722885801826     3.00
@             999999.999 55996.8822875864435     3.00
@             999999.999 55996.8922866012152     3.00
@             999999.999 55996.9022856237558     3.00
@             999999.999 55996.9122846216826     3.00
@             999999.999 55996.9222836258603     3.00
@             999999.999 55996.9322826355150     3.00
@             999999.999 55996.9422816498648     3.00
@             999999.999 55996.9522806681206     3.00
@             999999.999 55996.9622796894872     3.00
@             999999.999 55996.9722786815360     3.00
@             999999.999 55996.9822777067212     3.00
@             999999.999 55996.9922767009792     3.00
@             999999.999 55997.0022757267606     3.00
@             999999.999 55997.0122747200006     3.00
@             999999.999 55997.0222737431510     3.00
@             999999.999 55997.0322727321507     3.00
@             999999.999 55997.0422717494572     3.00
@             999999.999 55997.0522707626465     3.00
@             999999.999 55997.0622697709294     3.00
@             999999.999 55997.0722687735239     3.00
@             999999.999 55997.0822678012847     3.00
@             999999.999 55997.0922667901901     3.00
@             999999.999 55997.1022658027436     3.00
@             999999.999 55997.1122648065746     3.00
@             999999.999 55997.1222638325822     3.00
@             999999.999 55997.1322628484225     3.00
@             999999.999 55997.1422618533952     3.00
@             999999.999 55997.1522608468160     3.00
@             999999.999 55997.1622598596459     3.00
@             999999.999 55997.1722588912357     3.00
@             999999.999 55997.1822578776983     3.00
@             999999.999 55997.1922569133086     3.00
@             999999.999 55997.2022559025922     3.00
@             999999.999 55997.2122549082381     3.00
@             999999.999 55997.2222539297013     3.00
@             999999.999 55997.2322529348321     3.00
@             999999.999 55997.2422519547612     3.00
@             999999.999 55997.2522509573883     3.00
@             999999.999 55997.2622499738948     3.00
@             999999.999 55997.2722489722325     3.00
@             999999.999 55997.2822479836360     3.00
@             999999.999 55997.2922470077396     3.00
@             999999.999 55997.3022460125779     3.00
@             999999.999 55997.3122450294699     3.00
@             999999.999 55997.3222440265081     3.00
@             999999.999 55997.3322430350701     3.00
@             999999.999 55997.3422420549353     3.00
@             999999.999 55997.3522410542865     3.00
@             999999.999 55997.3622400645915     3.00
@             999999.999 55997.3722390857215     3.00
@             999999.999 55997.3822380859518     3.00
@             999999.999 55997.3922370968429     3.00
@             999999.999 55997.4022361183595     3.00
@             999999.999 55997.4122351188705     3.00
@             999999.999 55997.4222341300303     3.00
@             999999.999 55997.4322331518972     3.00
@             999999.999 55997.4422321529342     3.00
@             999999.999 55997.4522311648889     3.00
@             999999.999 55997.4622301562862     3.00
@             999999.999 55997.4722291905617     3.00
@             999999.999 55997.4822281730480     3.00
@             999999.999 55997.4922271988676     3.00
@             999999.999 55997.5022262050398     3.00
@             999999.999 55997.5122252234925     3.00
@             999999.999 55997.5222242229298     3.00
@             999999.999 55997.5322232353368     3.00
@             999999.999 55997.5422222294738     3.00
@             999999.999 55997.5522212690066     3.00
@             999999.999 55997.5622202594972     3.00
@             999999.999 55997.5722192646639     3.00
@             999999.999 55997.5822182849981     3.00
@             999999.999 55997.5922172893895     3.00
@             999999.999 55997.6022163100037     3.00
@             999999.999 55997.6122153157771     3.00
@             999999.999 55997.6222143389200     3.00
@             999999.999 55997.6322133484121     3.00
@             999999.999 55997.6422123448793     3.00
@             999999.999 55997.6522113605924     3.00
@             999999.999 55997.6622103645892     3.00
@             999999.999 55997.6722093575506     3.00
@             999999.999 55997.6822083717991     3.00
@             999999.999 55997.6922074080470     3.00
@             999999.999 55997.7022064037700     3.00
@             999999.999 55997.7122054229588     3.00
@             999999.999 55997.7222044347395     3.00
@             999999.999 55997.7322034398747     3.00
@             999999.999 55997.7422024391368     3.00
@             999999.999 55997.7522014649320     3.00
@             999999.999 55997.7622004547980     3.00
@             999999.999 55997.7721994727800     3.00
@             999999.999 55997.7821984880522     3.00
@             999999.999 55997.7921975014181     3.00
@             999999.999 55997.8021965136840     3.00
@             999999.999 55997.8121955256573     3.00
@             999999.999 55997.8221945065207     3.00
@             999999.999 55997.8321935203318     3.00
@             999999.999 55997.8421925362699     3.00
@             999999.999 55997.8521915551366     3.00
@             999999.999 55997.8621905461034     3.00
@             999999.999 55997.8721895732123     3.00
@             999999.999 55997.8821885739968     3.00
@             999999.999 55997.8921875808587     3.00
@             999999.999 55997.9021865945650     3.00
@             999999.999 55997.9121856158725     3.00
@             999999.999 55997.9221846139010     3.00
@             999999.999 55997.9321836210088     3.00
@             999999.999 55997.9421826379150     3.00
@             999999.999 55997.9521816336985     3.00
@             999999.999 55997.9621806722991     3.00
@             999999.999 55997.9721796595119     3.00
@             999999.999 55997.9821786908681     3.00
@             999999.999 55997.9921776721261     3.00
@             999999.999 55998.0021766987788     3.00
@             999999.999 55998.0121757081700     3.00
@             999999.999 55998.0221747324995     3.00
@             999999.999 55998.0321737406929     3.00
@             999999.999 55998.0421727332786     3.00
@             999999.999 55998.0521717423874     3.00
@             999999.999 55998.0621707684993     3.00
@             999999.999 55998.0721697804429     3.00
@             999999.999 55998.0821687786471     3.00
@             999999.999 55998.0921677951402     3.00
@             999999.999 55998.1021667986709     3.00
@             999999.999 55998.1121658212129     3.00
@             999999.999 55998.1221648314588     3.00
@             999999.999 55998.1321638296988     3.00
@             999999.999 55998.1421628478207     3.00
@             999999.999 55998.1521618544295     3.00
@             999999.999 55998.1621608497271     3.00
@             999999.999 55998.1721598655118     3.00
@             999999.999 55998.1821588702981     3.00
@             999999.999 55998.1921578958235     3.00
@             999999.999 55998.2021568789141     3.00
@             999999.999 55998.2121559144998     3.00
@             999999.999 55998.2221549077176     3.00
@             999999.999 55998.2321539218088     3.00
@             999999.999 55998.2421529251023     3.00
@             999999.999 55998.2521519491506     3.00
@             999999.999 55998.2621509622210     3.00
@             999999.999 55998.2721499641773     3.00
@             999999.999 55998.2821489864802     3.00
@             999999.999 55998.2921479973056     3.00
@             999999.999 55998.3021469964268     3.00
@             999999.999 55998.3121460152153     3.00
@             999999.999 55998.3221450217579     3.00
@             999999.999 55998.3321440157406     3.00
@             999999.999 55998.3421430284487     3.00
@             999999.999 55998.3521420278841     3.00
@             999999.999 55998.3621410452773     3.00
@             999999.999 55998.3721400485763     3.00
@             999999.999 55998.3821390689588     3.00
@             999999.999 55998.3921380743212     3.00
@             999999.999 55998.4021370957914     3.00
@             999999.999 55998.4121361012172     3.00
@             999999.999 55998.4221351216792     3.00
@             999999.999 55998.4321341249795     3.00
@             999999.999 55998.4421331421551     3.00
@             999999.999 55998.4521321409657     3.00
@             999999.999 55998.4621311524080     3.00
@             999999.999 55998.4721301758314     3.00
@             999999.999 55998.4821291789391     3.00
@             999999.999 55998.4921281926742     3.00
@             999999.999 55998.5021271847070     3.00
@             999999.999 55998.5121261859499     3.00
@             999999.999 55998.5221251956732     3.00
@             999999.999 55998.5321242131342     3.00
@             999999.999 55998.5421232375788     3.00
@             999999.999 55998.5521222366136     3.00
@             999999.999 55998.5621212410931     3.00
@             999999.999 55998.5721202502351     3.00
@             999999.999 55998.5821192632502     3.00
@             999999.999 55998.5921182793430     3.00
@             999999.999 55998.6021172977136     3.00
@             999999.999 55998.6121162859294     3.00
@             999999.999 55998.6221153064423     3.00
@             999999.999 55998.6321143268161     3.00
@             999999.999 55998.6421133146152     3.00
@             999999.999 55998.6521123322911     3.00
@             999999.999 55998.6621113474118     3.00
@             999999.999 55998.6721103591774     3.00
@             999999.999 55998.6821093667930     3.00
@             999999.999 55998.6921083694695     3.00
@             999999.999 55998.7021073980539     3.00
@             999999.999 55998.7121063885154     3.00
@             999999.999 55998.7221054033472     3.00
@             999999.999 55998.7321044101675     3.00
@             999999.999 55998.7421034398633     3.00
@             999999.999 55998.7521024284486     3.00
@             999999.999 55998.7621014384658     3.00
@             999999.999 55998.7721004692152     3.00
@             999999.999 55998.7820994567560     3.00
@             999999.999 55998.7920984636788     3.00
@             999999.999 55998.8020974893349     3.00
@             999999.999 55998.8120965014665     3.00
@             999999.999 55998.8220954994642     3.00
@             999999.999 55998.8320945143680     3.00
@             999999.999 55998.8420935139827     3.00
@             999999.999 55998.8520925293927     3.00
@             999999.999 55998.8620915600774     3.00
@             999999.999 55998.8720905422842     3.00
@             999999.999 55998.8820895704262     3.00
@             999999.999 55998.8920885808016     3.00
@             999999.999 55998.9020875729916     3.00
@             999999.999 55998.9120865782318     3.00
@             999999.999 55998.9220855961576     3.00
@             999999.999 55998.9320846264327     3.00
@             999999.999 55998.9420836371217     3.00
@             999999.999 55998.9520826279462     3.00
@             999999.999 55998.9620816302849     3.00
@             999999.999 55998.9720806439187     3.00
@             999999.999 55998.9820796686587     3.00
@             999999.999 55998.9920786727195     3.00
@             999999.999 55999.0020776876010     3.00
@             999999.999 55999.0120766815796     3.00
@             999999.999 55999.0220756862173     3.00
@             999999.999 55999.0320747014799     3.00
@             999999.999 55999.0420737273648     3.00
@             999999.999 55999.0520727322736     3.00
@             999999.999 55999.0620717478930     3.00
@             999999.999 55999.0720707426873     3.00
@             999999.999 55999.0820697484054     3.00
@             999999.999 55999.0920687652001     3.00
@             999999.999 55999.1020677932548     3.00
@             999999.999 55999.1120668011568     3.00
@             999999.999 55999.1220657891503     3.00
@             999999.999 55999.1320648207616     3.00
@             999999.999 55999.1420638330406     3.00
@             999999.999 55999.1520628263191     3.00
@             999999.999 55999.1620618325832     3.00
@             999999.999 55999.1720608522206     3.00
@             999999.999 55999.1820598540198     3.00
@             999999.999 55999.1920588700483     3.00
@             999999.999 55999.2020578691474     3.00
@             999999.999 55999.2120568834353     3.00
@             999999.999 55999.2220559134289     3.00
@             999999.999 55999.2320548964170     3.00
@             999999.999 55999.2420539278403     3.00
@             999999.999 55999.2520529134069     3.00
@             999999.999 55999.2620519486003     3.00
@             999999.999 55999.2720509391702     3.00
@             999999.999 55999.2820499490138     3.00
@             999999.999 55999.2920489787951     3.00
@             999999.999 55999.3020479659447     3.00
@             999999.999 55999.3120469744113     3.00
@             999999.999 55999.3220460049080     3.00
@             999999.999 55999.3320449949108     3.00
@             999999.999 55999.3420440084110     3.00
@             999999.999 55999.3520430145352     3.00
@             999999.999 55999.3620420456719     3.00
@             999999.999 55999.3720410393431     3.00
@             999999.999 55999.3820400595806     3.00
@             999999.999 55999.3920390755477     3.00
@             999999.999 55999.4020380880393     3.00
@             999999.999 55999.4120370978552     3.00
@             999999.999 55999.4220361057988     3.00
@             999999.999 55999.4320351126766     3.00
@             999999.999 55999.4420341192961     3.00
@             999999.999 55999.4520331264653     3.00
@             999999.999 55999.4620321349908     3.00
@             999999.999 55999.4720311456775     3.00
@             999999.999 55999.4820301593266     3.00
@             999999.999 55999.4920291767349     3.00
@             999999.999 55999.5020281670679     3.00
@             999999.999 55999.5120271943603     3.00
@             999999.999 55999.5220261961374     3.00
@             999999.999 55999.5320252047913     3.00
@             999999.999 55999.5420242210781     3.00
@             999999.999 55999.5520232141174     3.00
@             999999.999 55999.5620222478921     3.00
@             999999.999 55999.5720212282445     3.00
@             999999.999 55999.5820202507547     3.00
@             999999.999 55999.5920192528597     3.00
@             999999.999 55999.6020182668564     3.00
@             999999.999 55999.6120172933981     3.00
@             999999.999 55999.6220163014938     3.00
@             999999.999 55999.6320152917585     3.00
@             999999.999 55999.6420142964123     3.00
@             999999.999 55999.6520133160282     3.00
@             999999.999 55999.6620123195310     3.00
@             999999.999 55999.6720113390741     3.00
@             999999.999 55999.6820103435352     3.00
@             999999.999 55999.6920093650193     3.00
@             999999.999 55999.7020083723540     3.00
@             999999.999 55999.7120073659669     3.00
@             999999.999 55999.7220063778853     3.00
@             999999.999 55999.7320054084831     3.00
@             999999.999 55999.7420043948538     3.00
@             999999.999 55999.7520034321941     3.00
@             999999.999 55999.7620024259141     3.00
@             999999.999 55999.7720014395266     3.00
@             999999.999 55999.7820004416353     3.00
@             999999.999 55999.7919994640677     3.00
@             999999.999 55999.8019984753673     3.00
@             999999.999 55999.8119974756741     3.00
@             999999.999 55999.8219964967243     3.00
@             999999.999 55999.8319955069696     3.00
@             999999.999 55999.8419945064578     3.00
@             999999.999 55999.8519935268326     3.00
@             999999.999 55999.8619925364528     3.00
@             999999.999 55999.8719915352732     3.00
@             999999.999 55999.8819905548448     3.00
@             999999.999 55999.8919895634338     3.00
@             999999.999 55999.9019885609026     3.00
@             999999.999 55999.9119875787107     3.00
@             999999.999 55999.9219865850328     3.00
@             999999.999 55999.9319856112685     3.00
@             999999.999 55999.9419845939051     3.00
@             999999.999 55999.9519836275390     3.00
@             999999.999 55999.9619826169719     3.00
@             999999.999 55999.9719816251154     3.00
@             999999.999 55999.9819806515985     3.00
@             999999.999 55999.9919796643946     3.00
@             999999.999 56000.0019786630784     3.00
@             999999.999 56000.0119776788267     3.00
@             999999.999 56000.0219766795348     3.00
@             999999.999 56000.0319756963295     3.00
@             999999.999 56000.0419746970576     3.00
@             999999.999 56000.0519737127988     3.00
@             999999.999 56000.0619727113544     3.00
@             999999.999 56000.0719717237603     3.00
@             999999.999 56000.0819707494039     3.00
@             999999.999 56000.0919697560242     3.00
@             999999.999 56000.1019687745984     3.00
@             999999.999 56000.1119677728287     3.00
@             999999.999 56000.1219667816577     3.00
@             999999.999 56000.1319658003836     3.00
@             999999.999 56000.1419647966610     3.00
@             999999.999 56000.1519638013882     3.00
@             999999.999 56000.1619628138221     3.00
@             999999.999 56000.1719618332080     3.00
@             999999.999 56000.1819608587809     3.00
@             999999.999 56000.1919598581375     3.00
@             999999.999 56000.2019588621240     3.00
@             999999.999 56000.2119578699505     3.00
@             999999.999 56000.2219568808217     3.00
@             999999.999 56000.2319558939372     3.00
@             999999.999 56000.2419549084934     3.00
@             999999.999 56000.2519539236843     3.00
@             999999.999 56000.2619529070739     3.00
@             999999.999 56000.2719519211126     3.00
@             999999.999 56000.2819509333661     3.00
@             999999.999 56000.2919499430309     3.00
@             999999.999 56000.3019489493075     3.00
@             999999.999 56000.3119479830298     3.00
@             999999.999 56000.3219469801518     3.00
@             999999.999 56000.3319460031493     3.00
@             999999.999 56000.3419449879919     3.00
@             999999.999 56000.3519439971734     3.00
@             999999.999 56000.3619430299409     3.00
@             999999.999 56000.3719420222961     3.00
@             999999.999 56000.3819410367680     3.00
@             999999.999 56000.3919400410139     3.00
@             999999.999 56000.4019390659632     3.00
@             999999.999 56000.4119380793044     3.00
@             999999.999 56000.4219370803718     3.00
@             999999.999 56000.4319361001460     3.00
@             999999.999 56000.4419351063701     3.00
@             999999.999 56000.4519340984356     3.00
@             999999.999 56000.4619331073831     3.00
@             999999.999 56000.4719321326468     3.00
@             999999.999 56000.4819311420556     3.00
@             999999.999 56000.4919301350899     3.00
@             999999.999 56000.5019291745106     3.00
@             999999.999 56000.5119281649635     3.00
@             999999.999 56000.5219271692601     3.00
@             999999.999 56000.5319261869823     3.00
@             999999.999 56000.5419251861114     3.00
@             999999.999 56000.5519241979118     3.00
@             999999.999 56000.5619232220483     3.00
@             999999.999 56000.5719222265868     3.00
@             999999.999 56000.5819212428776     3.00
@             999999.999 56000.5919202390456     3.00
@             999999.999 56000.6019192465005     3.00
@             999999.999 56000.6119182650547     3.00
@             999999.999 56000.6219172629241     3.00
@             999999.999 56000.6319162716099     3.00
@             999999.999 56000.6419152910170     3.00
@             999999.999 56000.6519143210812     3.00
@             999999.999 56000.6619133301430     3.00
@             999999.999 56000.6719123182010     3.00
@             999999.999 56000.6819113485391     3.00
@             999999.999 56000.6919103579644     3.00
@             999999.999 56000.7019093465695     3.00
@             999999.999 56000.7119083777312     3.00
@             999999.999 56000.7219073883502     3.00
@             999999.999 56000.7319063786114     3.00
@             999999.999 56000.7419053803567     3.00
@             999999.999 56000.7519043938311     3.00
@             999999.999 56000.7619034193093     3.00
@             999999.999 56000.7719024254690     3.00
@             999999.999 56000.7819014442693     3.00
@             999999.999 56000.7919004444451     3.00
@             999999.999 56000.8018994580113     3.00
@             999999.999 56000.8118984537578     3.00
@             999999.999 56000.8218974637531     3.00
@             999999.999 56000.8318964884655     3.00
@             999999.999 56000.8418954967624     3.00
@             999999.999 56000.8518944891617     3.00
@             999999.999 56000.8618934978307     3.00
@             999999.999 56000.8718925233337     3.00
@             999999.999 56000.8818915346311     3.00
@             999999.999 56000.8918905323303     3.00
@             999999.999 56000.9018895486844     3.00
@             999999.999 56000.9118885527145     3.00
@             999999.999 56000.9218875767110     3.00
@             999999.999 56000.9318865897306     3.00
@             999999.999 56000.9418855924718     3.00
@             999999.999 56000.9518846172737     3.00
@             999999.999 56000.9618836016130     3.00
@             999999.999 56000.9718826094815     3.00
@             999999.999 56000.9818816416316     3.00
@             999999.999 56000.9918806355761     3.00
@             999999.999 56001.0018796553388     3.00
@             999999.999 56001.0118786700759     3.00
@             999999.999 56001.0218776805763     3.00
@             999999.999 56001.0318766876351     3.00
@             999999.999 56001.0418756920522     3.00
@             999999.999 56001.0518746946314     3.00
@             999999.999 56001.0618736961790     3.00
@             999999.999 56001.0718727291280     3.00
@             999999.999 56001.0818717310356     3.00
@             999999.999 56001.0918707343339     3.00
@             999999.999 56001.1018697398275     3.00
@             999999.999 56001.1118687483174     3.00
@             999999.999 56001.1218677606003     3.00
@             999999.999 56001.1318667774667     3.00
@             999999.999 56001.1418657997004     3.00
@             999999.999 56001.1518647964516     3.00
@             999999.999 56001.1618638001118     3.00
@             999999.999 56001.1718628114370     3.00
@             999999.999 56001.1818618311715     3.00
@             999999.999 56001.1918608284213     3.00
@             999999.999 56001.2018598355301     3.00
@             999999.999 56001.2118588532007     3.00
@             999999.999 56001.2218578821208     3.00
@             999999.999 56001.2318568913350     3.00
@             999999.999 56001.2418558814961     3.00
@             999999.999 56001.2518548848634     3.00
@             999999.999 56001.2618539020512     3.00
@             999999.999 56001.2718529020273     3.00
@             999999.999 56001.2818519169894     3.00
@             999999.999 56001.2918509474873     3.00
@             999999.999 56001.3018499307957     3.00
@             999999.999 56001.3118489622950     3.00
@             999999.999 56001.3218479792112     3.00
@             999999.999 56001.3318469819969     3.00
@             999999.999 56001.3418459710785     3.00
@             999999.999 56001.3518450101085     3.00
@             999999.999 56001.3618440045808     3.00
@             999999.999 56001.3718430180928     3.00
@             999999.999 56001.3818420193349     3.00
@             999999.999 56001.3918410402214     3.00
@             999999.999 56001.4018400493844     3.00
@             999999.999 56001.4118390470532     3.00
@             999999.999 56001.4218380650537     3.00
@             999999.999 56001.4318370719282     3.00
@             999999.999 56001.4418360994424     3.00
@             999999.999 56001.4518350844506     3.00
@             999999.999 56001.4618340902837     3.00
@             999999.999 56001.4718331169884     3.00
@             999999.999 56001.4818321329531     3.00
@             999999.999 56001.4918311381623     3.00
@             999999.999 56001.5018301325694     3.00
@             999999.999 56001.5118291477243     3.00
@             999999.999 56001.5218281518918     3.00
@             999999.999 56001.5318271765603     3.00
@             999999.999 56001.5418261899336     3.00
@             999999.999 56001.5518251918122     3.00
@             999999.999 56001.5618242135945     3.00
@             999999.999 56001.5718232233943     3.00
@             999999.999 56001.5818222209239     3.00
@             999999.999 56001.5918212374943     3.00
@             999999.999 56001.6018202411330     3.00
@             999999.999 56001.6118192630954     3.00
@             999999.999 56001.6218182713539     3.00
@             999999.999 56001.6318172654821     3.00
@             999999.999 56001.6418162766555     3.00
@             999999.999 56001.6518153043968     3.00
@             999999.999 56001.6618142849472     3.00
@             999999.999 56001.6718133126651     3.00
@             999999.999 56001.6818123237448     3.00
@             999999.999 56001.6918113176148     3.00
@             999999.999 56001.7018103253102     3.00
@             999999.999 56001.7118093462175     3.00
@             999999.999 56001.7218083480749     3.00
@             999999.999 56001.7318073618587     3.00
@             999999.999 56001.7418063868991     3.00
@             999999.999 56001.7518053908810     3.00
@             999999.999 56001.7618044047301     3.00
@             999999.999 56001.7718033961009     3.00
@             999999.999 56001.7818024275194     3.00
@             999999.999 56001.7918014349849     3.00
@             999999.999 56001.8018004493708     3.00
@             999999.999 56001.8117994382830     3.00
@             999999.999 56001.8217984642040     3.00
@             999999.999 56001.8317974630934     3.00
@             999999.999 56001.8417964657899     3.00
@             999999.999 56001.8517955031266     3.00
@             999999.999 56001.8617945110455     3.00
@             999999.999 56001.8717935203717     3.00
@             999999.999 56001.8817925302989     3.00
@             999999.999 56001.8917915400200     3.00
@             999999.999 56001.9017905487280     3.00
@             999999.999 56001.9117895556172     3.00
@             999999.999 56001.9217885598844     3.00
@             999999.999 56001.9317875607302     3.00
@             999999.999 56001.9417865889888     3.00
@             999999.999 56001.9517855806144     3.00
@             999999.999 56001.9617845980831     3.00
@             999999.999 56001.9717836089937     3.00
@             999999.999 56001.9817826125829     3.00
@             999999.999 56001.9917816397271     3.00
@             999999.999 56002.0017806264284     3.00
@             999999.999 56002.0117796352165     3.00
@             999999.999 56002.0217786653776     3.00
@             999999.999 56002.0317776529566     3.00
@             999999.999 56002.0417766605279     3.00
@             999999.999 56002.0517756874265     3.00
@             999999.999 56002.0617747013771     3.00
@             999999.999 56002.0717737017519     3.00
@             999999.999 56002.0817727195714     3.00
@             999999.999 56002.0917717226209     3.00
@             999999.999 56002.1017707419637     3.00
@             999999.999 56002.1117697454295     3.00
@             999999.999 56002.1217687641280     3.00
@             999999.999 56002.1317677659368     3.00
@             999999.999 56002.1417667820150     3.00
@             999999.999 56002.1517657802912     3.00
@             999999.999 56002.1617647919764     3.00
@             999999.999 56002.1717638166807     3.00
@             999999.999 56002.1817628224142     3.00
@             999999.999 56002.1917618088431     3.00
@             999999.999 56002.2017608389174     3.00
@             999999.999 56002.2117598491058     3.00
@             999999.999 56002.2217588391620     3.00
@             999999.999 56002.2317578721243     3.00
@             999999.999 56002.2417568845517     3.00
@             999999.999 56002.2517558762888     3.00
@             999999.999 56002.2617548788381     3.00
@             999999.999 56002.2717538921057     3.00
@             999999.999 56002.2817529160289     3.00
@             999999.999 56002.2917519189493     3.00
@             999999.999 56002.3017509324939     3.00
@             999999.999 56002.3117499250671     3.00
@             999999.999 56002.3217489599849     3.00
@             999999.999 56002.3317479740874     3.00
@             999999.999 56002.3417469674993     3.00
@             999999.999 56002.3517459720028     3.00
@             999999.999 56002.3617449877840     3.00
@             999999.999 56002.3717440150592     3.00
@             999999.999 56002.3817430224483     3.00
@             999999.999 56002.3917420102275     3.00
@             999999.999 56002.4017410419548     3.00
@             999999.999 56002.4117400547114     3.00
@             999999.999 56002.4217390488597     3.00
@             999999.999 56002.4317380564159     3.00
@             999999.999 56002.4417370777969     3.00
@             999999.999 56002.4517360818202     3.00
@             999999.999 56002.4617351005812     3.00
@             999999.999 56002.4717341029485     3.00
@             999999.999 56002.4817331210668     3.00
@             999999.999 56002.4917321238527     3.00
@             999999.999 56002.5017311118715     3.00
@             999999.999 56002.5117301489617     3.00
@             999999.999 56002.5217291408545     3.00
@             999999.999 56002.5317281514294     3.00
@             999999.999 56002.5417271813339     3.00
@             999999.999 56002.5517261679825     3.00
@             999999.999 56002.5617251753093     3.00
@             999999.999 56002.5717242040134     3.00
@             999999.999 56002.5817231915579     3.00
@             999999.999 56002.5917222019222     3.00
@             999999.999 56002.6017212358474     3.00
@             999999.999 56002.6117202308358     3.00
@             999999.999 56002.6217192509022     3.00
@             999999.999 56002.6317182651946     3.00
@             999999.999 56002.6417172744950     3.00
@             999999.999 56002.6517162795924     3.00
@             999999.999 56002.6617152812822     3.00
@             999999.999 56002.6717142803646     3.00
@             999999.999 56002.6817133092686     3.00
@             999999.999 56002.6917123055502     3.00
@             999999.999 56002.7017113332677     3.00
@             999999.999 56002.7117103299782     3.00
@             999999.999 56002.7217093597390     3.00
@             999999.999 56002.7317083601041     3.00
@             999999.999 56002.7417073634996     3.00
@             999999.999 56002.7517063707219     3.00
@             999999.999 56002.7617053825613     3.00
@             999999.999 56002.7717043998013     3.00
@             999999.999 56002.7817033915916     3.00
@             999999.999 56002.7917024219488     3.00
@             999999.999 56002.8017014283776     3.00
@             999999.999 56002.8117004432472     3.00
@             999999.999 56002.8216994356631     3.00
@             999999.999 56002.8316984379682     3.00
@             999999.999 56002.8416974508649     3.00
@             999999.999 56002.8516964750400     3.00
@             999999.999 56002.8616954795375     3.00
@             999999.999 56002.8716944966349     3.00
@             999999.999 56002.8816934953397     3.00
@             999999.999 56002.8916925078908     3.00
@             999999.999 56002.9016915348809     3.00
@             999999.999 56002.9116905452552     3.00
@             999999.999 56002.9216895395625     3.00
@             999999.999 56002.9316885499540     3.00
@             999999.999 56002.9416875453056     3.00
@             999999.999 56002.9516865577200     3.00
@             999999.999 56002.9616855876489     3.00
@             999999.999 56002.9716846038917     3.00
@             999999.999 56002.9816836068470     3.00
@             999999.999 56002.9916825968863     3.00
@             999999.999 56003.0016816059796     3.00
@             999999.999 56003.0116806344425     3.00
@             999999.999 56003.0216796509352     3.00
@             999999.999 56003.0316786557152     3.00
@             999999.999 56003.0416776490104     3.00
@             999999.999 56003.0516766626452     3.00
@             999999.999 56003.0616756651611     3.00
@             999999.999 56003.0716746883220     3.00
@             999999.999 56003.0816737006081     3.00
@             999999.999 56003.0916727020954     3.00
@             999999.999 56003.1016717244558     3.00
@             999999.999 56003.1116707360767     3.00
@             999999.999 56003.1216697369410     3.00
@             999999.999 56003.1316687586283     3.00
@             999999.999 56003.1416677694327     3.00
@             999999.999 56003.1516667692449     3.00
@             999999.999 56003.1616657895520     3.00
@             999999.999 56003.1716647985564     3.00
@             999999.999 56003.1816637960575     3.00
@             999999.999 56003.1916628134525     3.00
@             999999.999 56003.2016618188539     3.00
@             999999.999 56003.2116608119726     3.00
@             999999.999 56003.2216598241187     3.00
@             999999.999 56003.2316588549462     3.00
@             999999.999 56003.2416578408259     3.00
@             999999.999 56003.2516568762404     3.00
@             999999.999 56003.2616558658786     3.00
@             999999.999 56003.2716548725429     3.00
@             999999.999 56003.2816538957548     3.00
@             999999.999 56003.2916529033827     3.00
@             999999.999 56003.3016519265278     3.00
@             999999.999 56003.3116509330115     3.00
@             999999.999 56003.3216499222614     3.00
@             999999.999 56003.3316489569400     3.00
@             999999.999 56003.3416479415479     3.00
@             999999.999 56003.3516469703360     3.00
@             999999.999 56003.3616459793948     3.00
@             999999.999 56003.3716449996820     3.00
@             999999.999 56003.3816439988817     3.00
@             999999.999 56003.3916430079193     3.00
@             999999.999 56003.4016420260770     3.00
@             999999.999 56003.4116410209946     3.00
@             999999.999 56003.4216400235566     3.00
@             999999.999 56003.4316390330074     3.00
@             999999.999 56003.4416380485811     3.00
@             999999.999 56003.4516370695024     3.00
@             999999.999 56003.4616360633595     3.00
@             999999.999 56003.4716350926194     3.00
@             999999.999 56003.4816340932288     3.00
@             999999.999 56003.4916330960159     3.00
@             999999.999 56003.5016321001765     3.00
@             999999.999 56003.5116311365334     3.00
@             999999.999 56003.5216301410218     3.00
@             999999.999 56003.5316291444635     3.00
@             999999.999 56003.5416281460530     3.00
@             999999.999 56003.5516271766157     3.00
@             999999.999 56003.5616261720952     3.00
@             999999.999 56003.5716251949545     3.00
@             999999.999 56003.5816241811480     3.00
@             999999.999 56003.5916231931525     3.00
@             999999.999 56003.6016221985667     3.00
@             999999.999 56003.6116212282567     3.00
@             999999.999 56003.6216202182133     3.00
@             999999.999 56003.6316192309537     3.00
@             999999.999 56003.6416182341223     3.00
@             999999.999 56003.6516172586346     3.00
@             999999.999 56003.6616162721644     3.00
@             999999.999 56003.6716152740302     3.00
@             999999.999 56003.6816142951960     3.00
@             999999.999 56003.6916133033873     3.00
@             999999.999 56003.7016122979772     3.00
@             999999.999 56003.7116113099871     3.00
@             999999.999 56003.7216103388313     3.00
@             999999.999 56003.7316093523176     3.00
@             999999.999 56003.7416083499050     3.00
@             999999.999 56003.7516073627041     3.00
@             999999.999 56003.7616063585938     3.00
@             999999.999 56003.7716053687340     3.00
@             999999.999 56003.7816043926823     3.00
@             999999.999 56003.7916033983951     3.00
@             999999.999 56003.8016024171117     3.00
@             999999.999 56003.8116014168433     3.00
@             999999.999 56003.8216004288848     3.00
@             999999.999 56003.8315994213048     3.00
@             999999.999 56003.8415984570833     3.00
@             999999.999 56003.8515974410928     3.00
@             999999.999 56003.8615964680004     3.00
@             999999.999 56003.8715954743663     3.00
@             999999.999 56003.8815944916637     3.00
@             999999.999 56003.8915934881419     3.00
@             999999.999 56003.9015924953355     3.00
@             999999.999 56003.9115915131832     3.00
@             999999.999 56003.9215905100280     3.00
@             999999.999 56003.9315895491250     3.00
@             999999.999 56003.9415885356261     3.00
@             999999.999 56003.9515875644755     3.00
@             999999.999 56003.9615865725147     3.00
@             999999.999 56003.9715855598698     3.00
@             999999.999 56003.9815845899506     3.00
@             999999.999 56003.9915835996915     3.00
@             999999.999 56004.0015825893102     3.00
@             999999.999 56004.0115816223072     3.00
@             999999.999 56004.0215806357070     3.00
@             999999.999 56004.0315796298161     3.00
@             999999.999 56004.0415786365960     3.00
@             999999.999 56004.0515776564101     3.00
@             999999.999 56004.0615766580234     3.00
@             999999.999 56004.0715756734802     3.00
@             999999.999 56004.0815746715990     3.00
@             999999.999 56004.0915736844763     3.00
@             999999.999 56004.1015727126077     3.00
@             999999.999 56004.1115717248870     3.00
@             999999.999 56004.1215707218577     3.00
@             999999.999 56004.1315697357119     3.00
@             999999.999 56004.1415687354117     3.00
@             999999.999 56004.1515677531920     3.00
@             999999.999 56004.1615667580562     3.00
@             999999.999 56004.1715657822781     3.00
@             999999.999 56004.1815647948987     3.00
@             999999.999 56004.1915637966015     3.00
@             999999.999 56004.2015627880864     3.00
@             999999.999 56004.2115618016936     3.00
@             999999.999 56004.2215608065266     3.00
@             999999.999 56004.2315598349524     3.00
@             999999.999 56004.2415588560995     3.00
@             999999.999 56004.2515578391066     3.00
@             999999.999 56004.2615568479985     3.00
@             999999.999 56004.2715558835571     3.00
@             999999.999 56004.2815548833215     3.00
@             999999.999 56004.2915538797124     3.00
@             999999.999 56004.3015529051554     3.00
@             999999.999 56004.3115518972041     3.00
@             999999.999 56004.3215509199153     3.00
@             999999.999 56004.3315499424717     3.00
@             999999.999 56004.3415489340557     3.00
@             999999.999 56004.3515479587245     3.00
@             999999.999 56004.3615469540319     3.00
@             999999.999 56004.3715459840292     3.00
@             999999.999 56004.3815449862618     3.00
@             999999.999 56004.3915439931453     3.00
@             999999.999 56004.4015430054627     3.00
@             999999.999 56004.4115419923634     3.00
@             999999.999 56004.4215410178636     3.00
@             999999.999 56004.4315400194674     3.00
@             999999.999 56004.4415390295436     3.00
@             999999.999 56004.4515380488226     3.00
@             999999.999 56004.4615370463957     3.00
@             999999.999 56004.4715360545902     3.00
@             999999.999 56004.4815350740921     3.00
@             999999.999 56004.4915340739447     3.00
@             999999.999 56004.5015330864249     3.00
@             999999.999 56004.5115321121647     3.00
@             999999.999 56004.5215311201511     3.00
@             999999.999 56004.5315301109757     3.00
@             999999.999 56004.5415291484601     3.00
@             999999.999 56004.5515281382748     3.00
@             999999.999 56004.5615271441958     3.00
@             999999.999 56004.5715261667239     3.00
@             999999.999 56004.5815251747089     3.00
@             999999.999 56004.5915242002273     3.00
@             999999.999 56004.6015231804511     3.00
@             999999.999 56004.6115222106565     3.00
@             999999.999 56004.6215212279615     3.00
@             999999.999 56004.6315202327086     3.00
@             999999.999 56004.6415192252119     3.00
@             999999.999 56004.6515182373833     3.00
@             999999.999 56004.6615172694792     3.00
@             999999.999 56004.6715162584731     3.00
@             999999.999 56004.6815152678148     3.00
@             999999.999 56004.6915142976710     3.00
@             999999.999 56004.7015132849245     3.00
@             999999.999 56004.7115122929342     3.00
@             999999.999 56004.7215113217748     3.00
@             999999.999 56004.7315103082364     3.00
@             999999.999 56004.7415093472127     3.00
@             999999.999 56004.7515083438047     3.00
@             999999.999 56004.7615073612172     3.00
@             999999.999 56004.7715063677434     3.00
@             999999.999 56004.7815053632724     3.00
@             999999.999 56004.7915043792903     3.00
@             999999.999 56004.8015033839981     3.00
@             999999.999 56004.8115024088213     3.00
@             999999.999 56004.8215014219011     3.00
@             999999.999 56004.8315004229761     3.00
@             999999.999 56004.8414994433838     3.00
@             999999.999 56004.8514984511776     3.00
@             999999.999 56004.8614974460103     3.00
@             999999.999 56004.8714964591349     3.00
@             999999.999 56004.8814954585215     3.00
@             999999.999 56004.8914944753696     3.00
@             999999.999 56004.9014934775965     3.00
@             999999.999 56004.9114924963507     3.00
@             999999.999 56004.9214914994998     3.00
@             999999.999 56004.9314905181436     3.00
@             999999.999 56004.9414895201029     3.00
@             999999.999 56004.9514885364323     3.00
@             999999.999 56004.9614875349090     3.00
@             999999.999 56004.9714865465456     3.00
@             999999.999 56004.9814855707075     3.00
@             999999.999 56004.9914845751125     3.00
