5.238600730895996094e+00
4.445620059967041016e+00
3.760283470153808594e+00
3.177209377288818359e+00
2.664104223251342773e+00
2.233526468276977539e+00
1.894087553024291992e+00
1.628923416137695312e+00
1.441622257232666016e+00
1.305631160736083984e+00
1.182199001312255859e+00
1.075631141662597656e+00
9.715747833251953125e-01
8.743357658386230469e-01
8.083138465881347656e-01
7.645382881164550781e-01
7.387037277221679688e-01
7.286572456359863281e-01
7.067694664001464844e-01
6.694526672363281250e-01
6.220889091491699219e-01
5.614495277404785156e-01
5.026035308837890625e-01
4.491400718688964844e-01
4.024944305419921875e-01
3.662538528442382812e-01
3.361134529113769531e-01
3.135080337524414062e-01
2.952089309692382812e-01
2.848029136657714844e-01
2.794208526611328125e-01
2.758326530456542969e-01
2.722444534301757812e-01
2.650680541992187500e-01
2.582507133483886719e-01
2.546625137329101562e-01
2.575330734252929688e-01
2.665033340454101562e-01
2.855205535888671875e-01
3.181729316711425781e-01
3.702011108398437500e-01
4.459109306335449219e-01
5.417146682739257812e-01
6.515116691589355469e-01
7.735090255737304688e-01
9.087820053100585938e-01
1.052666664123535156e+00
1.201933860778808594e+00
1.346177577972412109e+00
1.475709438323974609e+00
1.590171337127685547e+00
1.693869113922119141e+00
1.775678634643554688e+00
1.829500913619995117e+00
1.850671052932739258e+00
1.853541612625122070e+00
1.881529092788696289e+00
1.982714891433715820e+00
2.178986549377441406e+00
2.453121185302734375e+00
2.753808021545410156e+00
3.002825498580932617e+00
3.147427797317504883e+00
3.179003477096557617e+00
3.097552537918090820e+00
2.957973718643188477e+00
2.795071601867675781e+00
2.632887363433837891e+00
2.509813785552978516e+00
2.416522026062011719e+00
2.354088306427001953e+00
2.305648326873779297e+00
2.223838567733764648e+00
2.100764989852905273e+00
1.904134511947631836e+00
1.627847194671630859e+00
1.304195880889892578e+00
9.525575637817382812e-01
6.231656074523925781e-01
3.669714927673339844e-01
1.868467330932617188e-01
9.140205383300781250e-02
6.162023544311523438e-02
6.269645690917968750e-02
9.032535552978515625e-02
1.262068748474121094e-01
1.506061553955078125e-01
1.585001945495605469e-01
1.330242156982421875e-01
8.889007568359375000e-02
4.834413528442382812e-02
2.143287658691406250e-02
1.820373535156250000e-02
2.430343627929687500e-02
1.784467697143554688e-02
-3.325462341308593750e-03
-4.100084304809570312e-02
-8.082914352416992188e-02
-1.145577430725097656e-01
-1.368045806884765625e-01
-1.472101211547851562e-01
-1.536688804626464844e-01
-1.543865203857421875e-01
-1.493630409240722656e-01
-1.403923034667968750e-01
-1.263985633850097656e-01
-1.098933219909667969e-01
-9.625816345214843750e-02
-8.477640151977539062e-02
-7.724094390869140625e-02
-7.365274429321289062e-02
-7.221746444702148438e-02
-7.365274429321289062e-02
-7.724094390869140625e-02
-8.118820190429687500e-02
-8.585262298583984375e-02
-8.800554275512695312e-02
-8.764696121215820312e-02
-8.585262298583984375e-02
-8.298206329345703125e-02
-7.903528213500976562e-02
-7.472944259643554688e-02
-6.827068328857421875e-02
-6.181192398071289062e-02
-5.571222305297851562e-02
-4.889488220214843750e-02
-4.315376281738281250e-02
-3.705406188964843750e-02
-3.023624420166015625e-02
-2.341890335083007812e-02
-1.803684234619140625e-02
-1.337194442749023438e-02
-8.348464965820312500e-03
-3.684043884277343750e-03
1.698017120361328125e-03
7.439136505126953125e-03
1.353883743286132812e-02
2.035665512084960938e-02
2.609777450561523438e-02
3.399133682250976562e-02
4.116773605346679688e-02
4.834413528442382812e-02
5.587911605834960938e-02
6.233787536621093750e-02
6.951427459716796875e-02
7.633161544799804688e-02
8.350801467895507812e-02
9.140205383300781250e-02
9.750175476074218750e-02
1.036014556884765625e-01
1.086249351501464844e-01
1.136484146118164062e-01
1.179542541503906250e-01
1.208248138427734375e-01
1.236953735351562500e-01
1.262068748474121094e-01
1.280012130737304688e-01
1.290774345397949219e-01
1.312303543090820312e-01
1.330242156982421875e-01
1.348185539245605469e-01
1.358947753906250000e-01
1.380476951599121094e-01
1.398420333862304688e-01
1.419949531555175781e-01
1.441478729248046875e-01
1.477355957031250000e-01
1.513237953186035156e-01
1.559886932373046875e-01
1.620883941650390625e-01
1.678295135498046875e-01
1.757235527038574219e-01
1.846938133239746094e-01
1.933054924011230469e-01
2.040696144104003906e-01
2.159104347229003906e-01
2.291870117187500000e-01
2.431807518005371094e-01
2.582507133483886719e-01
2.758326530456542969e-01
2.948498725891113281e-01
3.149433135986328125e-01
3.368310928344726562e-01
3.594365119934082031e-01
3.834772109985351562e-01
4.096708297729492188e-01
4.362230300903320312e-01
4.642105102539062500e-01
4.939923286437988281e-01
5.248503684997558594e-01
5.578613281250000000e-01
5.926661491394042969e-01
6.296243667602539062e-01
6.683759689331054688e-01
7.089223861694335938e-01
7.516212463378906250e-01
7.964730262756347656e-01
8.431191444396972656e-01
8.915591239929199219e-01
9.425106048583984375e-01
9.956154823303222656e-01
1.050155162811279297e+00
1.107565402984619141e+00
1.165693283081054688e+00
1.225256919860839844e+00
1.285537719726562500e+00
1.345818519592285156e+00
1.405381679534912109e+00
1.466021537780761719e+00
1.523431777954101562e+00
1.581201076507568359e+00
1.636817455291748047e+00
1.689563274383544922e+00
1.741232395172119141e+00
1.790749073028564453e+00
1.836318492889404297e+00
1.881170272827148438e+00
1.920998811721801758e+00
1.958674192428588867e+00
1.992761611938476562e+00
2.023261070251464844e+00
2.051248550415039062e+00
2.074930191040039062e+00
2.095741510391235352e+00
2.113323450088500977e+00
2.127317190170288086e+00
2.139875888824462891e+00
2.150640249252319336e+00
2.158534049987792969e+00
2.164275169372558594e+00
2.167863368988037109e+00
2.170016288757324219e+00
2.170733928680419922e+00
2.170375108718872070e+00
2.168939828872680664e+00
2.168939828872680664e+00
2.170016288757324219e+00
2.172528028488159180e+00
2.179345369338989258e+00
2.190827608108520508e+00
2.205897808074951172e+00
2.226708889007568359e+00
2.253261327743530273e+00
2.287348747253417969e+00
2.327894687652587891e+00
2.377411127090454102e+00
2.436256885528564453e+00
2.504431724548339844e+00
2.585165023803710938e+00
2.677380323410034180e+00
2.782871961593627930e+00
2.900563240051269531e+00
3.030454158782958984e+00
3.173262596130371094e+00
3.326117753982543945e+00
3.484713792800903320e+00
3.644027709960937500e+00
3.802623748779296875e+00
3.955120086669921875e+00
4.099722385406494141e+00
4.233560562133789062e+00
4.350175380706787109e+00
4.452437400817871094e+00
4.543576240539550781e+00
4.627539157867431641e+00
4.707554817199707031e+00
4.785776615142822266e+00
4.861127376556396484e+00
4.938990592956542969e+00
5.021159172058105469e+00
5.106556892395019531e+00
5.190878391265869141e+00
5.266229629516601562e+00
5.326151371002197266e+00
5.369568347930908203e+00
5.396838188171386719e+00
5.396120548248291016e+00
5.362391948699951172e+00
5.297446250915527344e+00
5.208460330963134766e+00
5.142438411712646484e+00
5.154996871948242188e+00
5.275199890136718750e+00
5.530317306518554688e+00
5.883032321929931641e+00
6.258352279663085938e+00
6.629008293151855469e+00
6.789398193359375000e+00
6.364920616149902344e+00
5.524934768676757812e+00
4.947601795196533203e+00
4.734824657440185547e+00
4.393232822418212891e+00
3.876539707183837891e+00
3.505525112152099609e+00
3.348005294799804688e+00
3.349440574645996094e+00
3.572264671325683594e+00
4.080346584320068359e+00
4.831346035003662109e+00
5.790099143981933594e+00
6.930053710937500000e+00
7.989274978637695312e+00
8.652006149291992188e+00
8.885235786437988281e+00
8.879494667053222656e+00
8.889541625976562500e+00
8.967045783996582031e+00
8.913581848144531250e+00
8.691475868225097656e+00
8.433487892150878906e+00
8.123830795288085938e+00
7.683565139770507812e+00
7.127402305603027344e+00
6.500552654266357422e+00
5.840333461761474609e+00
5.190519332885742188e+00
4.592016220092773438e+00
4.076758384704589844e+00
3.669862270355224609e+00
3.377786874771118164e+00
3.186538696289062500e+00
3.077100038528442383e+00
3.003901958465576172e+00
2.926039218902587891e+00
2.815165281295776367e+00
2.644369363784790039e+00
2.430515766143798828e+00
2.194415569305419922e+00
1.952574491500854492e+00
1.717550754547119141e+00
1.484679698944091797e+00
1.257908821105957031e+00
1.050872802734375000e+00
8.822298049926757812e-01
7.666912078857421875e-01
6.909813880920410156e-01
6.385946273803710938e-01
5.908722877502441406e-01
5.374088287353515625e-01
4.932746887207031250e-01
4.663634300231933594e-01
4.538049697875976562e-01
4.541635513305664062e-01
4.548811912536621094e-01
4.451932907104492188e-01
4.279704093933105469e-01
4.010591506958007812e-01
3.705596923828125000e-01
3.436489105224609375e-01
3.196082115173339844e-01
3.013086318969726562e-01
2.880325317382812500e-01
2.787032127380371094e-01
2.754740715026855469e-01
2.765502929687500000e-01
2.787032127380371094e-01
2.787032127380371094e-01
2.747564315795898438e-01
2.668623924255371094e-01
2.564568519592285156e-01
2.431807518005371094e-01
2.248811721801757812e-01
2.051463127136230469e-01
1.839761734008789062e-01
1.628060340881347656e-01
1.427125930786132812e-01
1.251306533813476562e-01
1.089839935302734375e-01
9.391355514526367188e-02
8.063745498657226562e-02
7.023191452026367188e-02
6.197929382324218750e-02
5.480289459228515625e-02
4.798507690429687500e-02
4.152679443359375000e-02
3.722095489501953125e-02
3.327369689941406250e-02
3.004455566406250000e-02
2.825069427490234375e-02
2.609777450561523438e-02
2.645635604858398438e-02
2.753305435180664062e-02
2.825069427490234375e-02
3.112077713012695312e-02
3.327369689941406250e-02
3.578567504882812500e-02
3.901481628417968750e-02
4.152679443359375000e-02
4.511499404907226562e-02
4.906177520751953125e-02
5.444383621215820312e-02
6.018495559692382812e-02
6.807899475097656250e-02
7.704925537109375000e-02
8.745479583740234375e-02
9.821939468383789062e-02
1.089839935302734375e-01
1.197481155395507812e-01
1.305127143859863281e-01
1.412773132324218750e-01
1.524004936218261719e-01
1.638822555541992188e-01
1.742882728576660156e-01
1.854114532470703125e-01
1.954584121704101562e-01
2.051463127136230469e-01
2.151927947998046875e-01
2.230868339538574219e-01
2.306218147277832031e-01
2.367219924926757812e-01
2.413864135742187500e-01
2.464098930358886719e-01
2.496390342712402344e-01
2.543039321899414062e-01
2.578921318054199219e-01
2.632741928100585938e-01
2.682976722717285156e-01
2.743973731994628906e-01
2.801384925842285156e-01
2.876734733581542969e-01
2.952089309692382812e-01
3.038201332092285156e-01
3.135080337524414062e-01
3.242726325988769531e-01
3.361134529113769531e-01
3.497486114501953125e-01
3.644599914550781250e-01
3.806066513061523438e-01
3.978295326232910156e-01
4.168467521667480469e-01
4.351463317871093750e-01
4.552402496337890625e-01
4.756927490234375000e-01
4.968624114990234375e-01
5.198268890380859375e-01
5.417146682739257812e-01
5.650372505187988281e-01
5.901546478271484375e-01
6.152715682983398438e-01
6.414651870727539062e-01
6.687350273132324219e-01
6.963639259338378906e-01
7.247099876403808594e-01
7.537741661071777344e-01
7.842731475830078125e-01
8.162078857421875000e-01
8.492188453674316406e-01
8.836650848388671875e-01
9.199051856994628906e-01
9.565043449401855469e-01
9.952564239501953125e-01
1.034367084503173828e+00
1.075272083282470703e+00
1.117970943450927734e+00
1.161387920379638672e+00
1.206957340240478516e+00
1.254320621490478516e+00
1.303119659423828125e+00
1.355147838592529297e+00
1.409328937530517578e+00
1.467456817626953125e+00
1.527737617492675781e+00
1.591965675354003906e+00
1.661216735839843750e+00
1.733697414398193359e+00
1.812636613845825195e+00
1.898393392562866211e+00
1.992043972015380859e+00
2.093588590621948242e+00
2.206256628036499023e+00
2.329688787460327148e+00
2.464603185653686523e+00
2.611717224121093750e+00
2.773542881011962891e+00
2.947926759719848633e+00
3.137022256851196289e+00
3.342623233795166016e+00
3.564729452133178711e+00
3.806211948394775391e+00
4.068146705627441406e+00
4.350533962249755859e+00
4.654808998107910156e+00
4.979177474975585938e+00
5.321846008300781250e+00
5.683531284332275391e+00
6.058492660522460938e+00
6.444577217102050781e+00
6.840350151062011719e+00
7.241146087646484375e+00
7.646248340606689453e+00
8.057450294494628906e+00
8.471522331237792969e+00
8.888465881347656250e+00
9.306125640869140625e+00
9.718045234680175781e+00
1.011740589141845703e+01
1.049774932861328125e+01
1.084687614440917969e+01
1.114899826049804688e+01
1.138761043548583984e+01
1.154477119445800781e+01
1.160254096984863281e+01
1.155015373229980469e+01
1.137182235717773438e+01
1.104709529876708984e+01
1.056126022338867188e+01
9.902834892272949219e+00
9.075766563415527344e+00
8.129571914672851562e+00
7.126684188842773438e+00
6.138508319854736328e+00
