9.736358307211206920e+03
9.736931109336019290e+03
9.737399964910096969e+03
9.737754302428125811e+03
9.738221372105535920e+03
9.738676368479806115e+03
9.739023972266031706e+03
9.739478339232699000e+03
9.739926263805262352e+03
9.740376655049210967e+03
9.740840524607232510e+03
9.741143199417525466e+03
9.741398547950879220e+03
9.741621515564555011e+03
9.741966254861516063e+03
9.742088727394844682e+03
9.742115039911239364e+03
9.741917844768518989e+03
9.741652436448535809e+03
9.741096228106092894e+03
9.740474475270479161e+03
9.739491537117522967e+03
9.738505797553856610e+03
9.737466337457441114e+03
9.736391774604946477e+03
9.735446887553636770e+03
9.734533093273756094e+03
9.733604888278203362e+03
9.733027191880728424e+03
9.732404074556468913e+03
9.731849703634348771e+03
9.731444988602406738e+03
9.731043828121599290e+03
9.730835482912492807e+03
9.730739394620246458e+03
9.730523074775512214e+03
9.730351735186390215e+03
9.730257424191040627e+03
9.730040736600922173e+03
9.730117578777508243e+03
9.729920679362090596e+03
9.729931855879121940e+03
9.729805029599270711e+03
9.729857180795626846e+03
9.729750262027215285e+03
9.729720175340240530e+03
9.729561845094580349e+03
9.729594547823251560e+03
9.729560662898873488e+03
9.729467144094282048e+03
9.729539165446723928e+03
9.729398563721488244e+03
9.729379834440374907e+03
9.729311311597955864e+03
9.729222593135158604e+03
9.729295173215061368e+03
9.729285554576861614e+03
9.729263129005268638e+03
9.729292292478126910e+03
9.729319112716051677e+03
9.729337386765619158e+03
9.729234194806389496e+03
9.729332537929209138e+03
9.729422705377586681e+03
9.729325356117789852e+03
9.729429626253144306e+03
9.729576795763758128e+03
9.729578311173834663e+03
9.729750893832193469e+03
9.729850343880740184e+03
9.729942329811889067e+03
9.730101693065906147e+03
9.730366238689672173e+03
9.730483649400681315e+03
9.730599991079905521e+03
9.730713957812817171e+03
9.730772676431924992e+03
9.730790533273235269e+03
9.731018783332363455e+03
9.730802068300274186e+03
9.730943779424233071e+03
9.730901598864697007e+03
9.731087571442087210e+03
9.731268009700281254e+03
9.731531589034053468e+03
9.731706966156003546e+03
9.732147102038557932e+03
9.732356144605588270e+03
9.732400704776686325e+03
9.732336327798857383e+03
9.732246342135660598e+03
9.732040257253906020e+03
9.731801392446121099e+03
9.731804906157371079e+03
9.731509030127292135e+03
9.731510723146129749e+03
9.731413032643658880e+03
9.731313916134778992e+03
9.731202254665859073e+03
9.731291129047274808e+03
9.730922504418222161e+03
9.730614922262400796e+03
9.730221476414757490e+03
9.729833554595510577e+03
9.729477509122556512e+03
9.729305005587510095e+03
9.729171886034633644e+03
9.729177546184950188e+03
9.729083041389720165e+03
9.728976885946913171e+03
9.729049874660326168e+03
9.729035378119478992e+03
9.728926926592028394e+03
9.729053789485999005e+03
9.728872408594064837e+03
9.728973041974979424e+03
9.728921305573996506e+03
9.728899859389219273e+03
9.728793240762643109e+03
9.728900379556311236e+03
9.728812997713819641e+03
9.728884108092799579e+03
9.728916089118420132e+03
9.728784878214441051e+03
9.728802398391411771e+03
9.728901306471165299e+03
9.728863206609081317e+03
9.728726953899382352e+03
9.728795593176515467e+03
9.728774716029480260e+03
9.728749538032783676e+03
9.728762206879791847e+03
9.728752688127739020e+03
9.728785509860839738e+03
9.728829091406401858e+03
9.728736814402955133e+03
9.728771468067630849e+03
9.728839280512149344e+03
9.728763296097777129e+03
9.728780055289305892e+03
9.728825644519871275e+03
9.728848638251905868e+03
9.728863938034408420e+03
9.728815634844799206e+03
9.728761683197699313e+03
9.728921029271827138e+03
9.728788746937572796e+03
9.728724672364860453e+03
9.728810001058052876e+03
9.728751942023773154e+03
9.728873915197606038e+03
9.728911510462372462e+03
9.728886927618519621e+03
9.728899640688128784e+03
9.728828313758989680e+03
9.728872973487315903e+03
9.728777317614247295e+03
9.728796820619185382e+03
9.728910623013653094e+03
9.728899209588495069e+03
9.728945741813315180e+03
9.728765888199170149e+03
9.728940197989864828e+03
9.728898264362149348e+03
9.728871142996578783e+03
9.729005251980310277e+03
9.728942773349472191e+03
9.729120514991411255e+03
9.729072223586113978e+03
9.729003397173433768e+03
9.729098848517936858e+03
9.729020078856137843e+03
9.729150766178539925e+03
9.729209651201972520e+03
9.729072429080222719e+03
9.729053579989858918e+03
9.729006775259691494e+03
9.728976558063874108e+03
9.728995704447615935e+03
9.728985972711188879e+03
9.729184970479276672e+03
9.729012202269772388e+03
9.728917709242297860e+03
9.729076089771495390e+03
9.729186907576764497e+03
9.729021308260978913e+03
9.729070279301156916e+03
9.728970315628157550e+03
9.729084882444598406e+03
9.729070783847435450e+03
9.728981358074890522e+03
9.729073002707822525e+03
9.728993606049662048e+03
9.729154950159432701e+03
9.729113852100204895e+03
9.729136845283614093e+03
9.729079467154529993e+03
9.729110513771467595e+03
9.729237564266861227e+03
9.729157410393727332e+03
9.729137068620209902e+03
9.729267609194565011e+03
9.729248202413507897e+03
9.729369935261125647e+03
9.729318469026498860e+03
9.729335198298873365e+03
9.729296067061670328e+03
9.729358732577085902e+03
9.729494879503532502e+03
9.729392954054264919e+03
9.729549084664979091e+03
9.729538908822762096e+03
9.729447275400472790e+03
9.729649531534723792e+03
9.729605225890772999e+03
9.729631634579571255e+03
9.729555600464000236e+03
9.729686450867791791e+03
9.729641893955185878e+03
9.729772125142215373e+03
9.729759515136867776e+03
9.729906580947708790e+03
9.730053734138993605e+03
9.729958939984237077e+03
9.730035887865540644e+03
9.730039923532569446e+03
9.730173599382989778e+03
9.730307528760098648e+03
9.730317392451090200e+03
9.730447980230652320e+03
9.730413341462917742e+03
9.730619220243464952e+03
9.730715877858376189e+03
9.730810801077608630e+03
9.730940302193430398e+03
9.731019444388890406e+03
9.731070679177457350e+03
9.731043665255483575e+03
9.731024951910438176e+03
9.731196107579760792e+03
9.731258463487762128e+03
9.731260516808331886e+03
9.731155586041792048e+03
9.731252722928127696e+03
9.731258142511411279e+03
9.731256244413343666e+03
9.731334872471668859e+03
9.731338031279272400e+03
9.731360527504430138e+03
9.731356429091822065e+03
9.731380168477855477e+03
9.731410135560274284e+03
9.731418804286939121e+03
9.731362248947427361e+03
9.731413306511311021e+03
9.731502970296472995e+03
9.731516870814357389e+03
9.731548670503703761e+03
9.731600253886375867e+03
9.731556636576046003e+03
9.731533429598095609e+03
9.731515308143965740e+03
9.731618352401150332e+03
9.731525772395329113e+03
9.731480012123409324e+03
9.731576502532960149e+03
9.731501566581613588e+03
9.731548465250283698e+03
9.731548709289738326e+03
9.731619347444044251e+03
9.731669901270028276e+03
9.731755917693149968e+03
9.731735287725123271e+03
9.731893292133519935e+03
9.731956128326051839e+03
9.731977047699389004e+03
9.732218910031007908e+03
9.732250328758225805e+03
9.732461593263797113e+03
9.732598986401089860e+03
9.732738362039193817e+03
9.732991987340976266e+03
9.733023328668838076e+03
9.733210499417349638e+03
9.733271989815460984e+03
9.733570528775599087e+03
9.733693024172855075e+03
9.733867148486964652e+03
9.733943144322698572e+03
9.734104270830195674e+03
9.734158710912357492e+03
9.734141842365073899e+03
9.734266111999246277e+03
9.734319517678024567e+03
9.734381414992079954e+03
9.734429103750191643e+03
9.734420572917013487e+03
9.734649642497874083e+03
9.734623191901542668e+03
9.734660490783526257e+03
9.734670025746245301e+03
9.734664209891088831e+03
9.734776958587666741e+03
9.734623076777004826e+03
9.734608695624065149e+03
9.734428071329322847e+03
9.734623510438661469e+03
9.734649971894648843e+03
9.734881234783204491e+03
9.735022120316984001e+03
9.735423136223842448e+03
9.735587127889368276e+03
9.735494773510625237e+03
9.735268764518861644e+03
9.734777687880145095e+03
9.734332239625262446e+03
9.734027859118050401e+03
9.733749286044823748e+03
9.733449112578609856e+03
9.733144251685800555e+03
9.732980642407301275e+03
9.732928287484273824e+03
9.733166204238086721e+03
9.733678987674102245e+03
9.734426767038885373e+03
9.735362760572552361e+03
9.736593392265982402e+03
9.737470090734628684e+03
9.738329098681795585e+03
9.738769607180394814e+03
9.739182627839923953e+03
9.739118393349541293e+03
9.739112935140237823e+03
9.739131450585085986e+03
9.739038672089907777e+03
9.738826639151020572e+03
9.738679755713692430e+03
9.738188406432058400e+03
9.737553347748760643e+03
9.736867694643846335e+03
9.736234768781570892e+03
9.735383987530798549e+03
9.734894305922605781e+03
9.734178464189533770e+03
9.733592310276113494e+03
9.733289657218541834e+03
9.732997617084109152e+03
9.732823884729996280e+03
9.732631440628330893e+03
9.732437897190269723e+03
9.732296090982239548e+03
9.732059418814234959e+03
9.731750854446021549e+03
9.731613770013924295e+03
9.731324583223316949e+03
9.730983969152022837e+03
9.730869057254019935e+03
9.730552900237806170e+03
9.730352325356076108e+03
9.730152474459233417e+03
9.729948736520231250e+03
9.729879588773332216e+03
9.729692989345025126e+03
9.729690178224162082e+03
9.729572779267096848e+03
9.729432338226864886e+03
9.729363939321425278e+03
9.729513513365473045e+03
9.729508346140128197e+03
9.729398648608994336e+03
9.729348078452132540e+03
9.729422551446567013e+03
9.729447897513846328e+03
9.729448651398935908e+03
9.729449423676778679e+03
9.729267457531015680e+03
9.729416363378120877e+03
9.729378733285455382e+03
9.729316147576242656e+03
9.729375032426489270e+03
9.729363244237521940e+03
9.729290381099661317e+03
9.729259416100529052e+03
9.729308574570513883e+03
9.729356103836433249e+03
9.729407155483986571e+03
9.729153114073742472e+03
9.729104756944974724e+03
9.729132721905003564e+03
9.729155378076600755e+03
9.729216655058877222e+03
9.729186129410427384e+03
9.729126692732250376e+03
9.729258594976035965e+03
9.729080850523683694e+03
9.729041846660071315e+03
9.729071940472065762e+03
9.729088553958195916e+03
9.728910107683594106e+03
9.728985253671717146e+03
9.728978190117848499e+03
9.728968793505937356e+03
9.729048077996658321e+03
9.728969541562471932e+03
9.729000221340464122e+03
9.729091800197404154e+03
9.729023387634579194e+03
9.729001322265286944e+03
9.729043134637540788e+03
9.728958192267682534e+03
9.729055168255699755e+03
9.728983995749518726e+03
9.729083843626187445e+03
9.729014354716473463e+03
9.729038447878489023e+03
9.729050455465994673e+03
9.728964035431174125e+03
9.729009749124585142e+03
9.729048394372050097e+03
9.729009732695529237e+03
9.729013339031664145e+03
9.729028285457705351e+03
9.729092237900606051e+03
9.729131191475968080e+03
9.729064853386193136e+03
9.729147055938443373e+03
9.729107967718337022e+03
9.729070008932714700e+03
9.729144450496856734e+03
9.729145472293861530e+03
9.729125059536812842e+03
9.729176532463889089e+03
9.729219410746723952e+03
9.729173632704914780e+03
9.729187401410283201e+03
9.729194065634079379e+03
9.729212183656132765e+03
9.729344058656864945e+03
9.729288451865875686e+03
9.729261873903004016e+03
9.729352740582760816e+03
9.729296872186063410e+03
9.729350139263879100e+03
9.729271131883635462e+03
9.729269089244167844e+03
9.729408274613611866e+03
9.729301140966417734e+03
9.729287813357146661e+03
9.729392105815641116e+03
9.729358073054214401e+03
9.729213401280730977e+03
9.729325949358009893e+03
9.729359293075023743e+03
9.729342056913556007e+03
9.729373438798482312e+03
9.729209065812374320e+03
9.729334721585462830e+03
9.729346210052732204e+03
9.729438902605610565e+03
9.729397330417887133e+03
9.729411353046887598e+03
9.729475584855368652e+03
9.729533811501594755e+03
9.729587209252045795e+03
9.729668920609257839e+03
9.729713716723013931e+03
9.729673287786643414e+03
9.729777667463107719e+03
9.729879511136496149e+03
9.729744956927261228e+03
9.729930207929099197e+03
9.729857009571736853e+03
9.729843139639753645e+03
9.729958088233308445e+03
9.730066479563156463e+03
9.730011162633252752e+03
9.730140254659219863e+03
9.730135549562430242e+03
9.730261674229215714e+03
9.730287965590412568e+03
9.730351531025729855e+03
9.730361297049281347e+03
9.730416966615774072e+03
9.730456553826848904e+03
9.730606038521435039e+03
9.730720834163970721e+03
9.730651901357874522e+03
9.730673112566948475e+03
9.730796004573028767e+03
9.730846498484208496e+03
9.731020444685749681e+03
9.731190249895184024e+03
9.731144153532904966e+03
9.731435555414922419e+03
9.731355244604223117e+03
9.731696370834699337e+03
9.731759282674081987e+03
9.731994341456771508e+03
9.731991692068637349e+03
9.732211748353491203e+03
9.732268537651312727e+03
9.732596788948043468e+03
9.732730238020983961e+03
9.732938821626155914e+03
9.733232638681063690e+03
9.733551938375101599e+03
9.733730596096265799e+03
9.734016746495477491e+03
9.734394202496057915e+03
9.734797947203511285e+03
9.735385210841508524e+03
9.735855562062888566e+03
