1.130942707678831175e+04
1.130943914104095529e+04
1.130948234668273653e+04
1.130942833718961811e+04
1.130945730732953962e+04
1.130952139718621765e+04
1.130945892221056965e+04
1.130946128557203701e+04
1.130947471979270631e+04
1.130942675954140577e+04
1.130949046305103002e+04
1.130944119185611817e+04
1.130951625590181175e+04
1.130945532016069228e+04
1.130948717407065851e+04
1.130948072077295728e+04
1.130942580234391426e+04
1.130946322000339023e+04
1.130948628869935965e+04
1.130945625321949046e+04
1.130946378670718877e+04
1.130947302725560257e+04
1.130952582338060529e+04
1.130954161859685519e+04
1.130950033701239954e+04
1.130956195559733533e+04
1.130952275047140029e+04
1.130950645003416685e+04
1.130955910286319704e+04
1.130955479741303861e+04
1.130954295171512240e+04
1.130958470223521363e+04
1.130960867038984725e+04
1.130957530969579238e+04
1.130958967867677893e+04
1.130959024014612260e+04
1.130961238011804016e+04
1.130970480528058579e+04
1.130965117732888393e+04
1.130964874771112954e+04
1.130970512940064691e+04
1.130966605640950365e+04
1.130970626641926719e+04
1.130963888275344652e+04
1.130965710297009355e+04
1.130974667832122759e+04
1.130966064258054030e+04
1.130966688319345849e+04
1.130973839050176866e+04
1.130970082530587570e+04
1.130960325808138259e+04
1.130969947844504895e+04
1.130970354770766244e+04
1.130970743002837662e+04
1.130970944948418582e+04
1.130960418553016643e+04
1.130969949573794656e+04
1.130970401577271514e+04
1.130977270415245948e+04
1.130973365651506720e+04
1.130975468402642218e+04
1.130979814579543017e+04
1.130984155158368776e+04
1.130987985160023527e+04
1.130994049737800196e+04
1.130996618691042386e+04
1.130993676233007864e+04
1.131002837207154880e+04
1.131007783885752906e+04
1.130999370565562094e+04
1.131013121980860706e+04
1.131006042133587653e+04
1.131006795472950762e+04
1.131015234185919871e+04
1.131022192722240288e+04
1.131018295887020577e+04
1.131028288196676840e+04
1.131027074514080778e+04
1.131037423669501368e+04
1.131037801200774084e+04
1.131043638148213722e+04
1.131043009417349458e+04
1.131048456258566694e+04
1.131050211673853846e+04
1.131063090463450681e+04
1.131068647662690819e+04
1.131064714841667410e+04
1.131066015159654307e+04
1.131076205142169965e+04
1.131078084284972283e+04
1.131093861241245941e+04
1.131101946140891232e+04
1.131102268438062674e+04
1.131120704577581819e+04
1.131116577440249785e+04
1.131141196204241169e+04
1.131145355294149158e+04
1.131162160680675333e+04
1.131161698074245032e+04
1.131178241287605670e+04
1.131182034628256952e+04
1.131207201601019005e+04
1.131214667142647886e+04
1.131231965492076051e+04
1.131252454998051144e+04
1.131275934372411393e+04
1.131287462229096673e+04
1.131310420276977493e+04
1.131336526640895681e+04
1.131367729696238530e+04
1.131409539333405519e+04
1.131443359723851790e+04
1.131479995352617516e+04
1.131521643046855206e+04
1.131553892185315635e+04
1.131580053918582780e+04
1.131614144018247316e+04
1.131646407514361272e+04
1.131671250145479826e+04
1.131705153412051914e+04
1.131736518389972298e+04
1.131770130504499502e+04
1.131802168695842192e+04
1.131823955954377016e+04
1.131841353122611144e+04
1.131858771399429861e+04
1.131882675588807797e+04
1.131890670520711137e+04
1.131891163438225340e+04
1.131876316812283221e+04
1.131855638299814200e+04
1.131814416810808689e+04
1.131768196015529429e+04
1.131695299980636446e+04
1.131625058116657419e+04
1.131548729801928494e+04
1.131472143528012930e+04
1.131404436541739415e+04
1.131338159957211428e+04
1.131272417771029359e+04
1.131232576806084580e+04
1.131186141960485475e+04
1.131148379855080202e+04
1.131118484075950073e+04
1.131090940647639945e+04
1.131076626413313534e+04
1.131070183377302237e+04
1.131052958590834169e+04
1.131042891641802635e+04
1.131033885779111006e+04
1.131020657060185658e+04
1.131025130698774228e+04
1.131011026343936101e+04
1.131012165384863147e+04
1.131002886812558791e+04
1.131007233567796538e+04
1.130998479613074232e+04
1.130996928987261890e+04
1.130984651018571276e+04
1.130989125139880161e+04
1.130984161380334808e+04
1.130979679970329926e+04
1.130983482064626878e+04
1.130973397082957308e+04
1.130972525227974620e+04
1.130966851594221589e+04
1.130961252275165134e+04
1.130967058085564531e+04
1.130965232661565460e+04
1.130964559137092874e+04
1.130966187928464205e+04
1.130968789578789438e+04
1.130968840251065922e+04
1.130962057084756998e+04
1.130970256718983001e+04
1.130975472606157564e+04
1.130968245216779724e+04
1.130977889332471204e+04
1.130986682131383714e+04
1.130987801791129641e+04
1.131000315291229708e+04
1.131007234399546724e+04
1.131013772303805490e+04
1.131026614194058493e+04
1.131044925896310997e+04
1.131053134929567386e+04
1.131061248175005494e+04
1.131070002366608060e+04
1.131072526605599887e+04
1.131076292909135555e+04
1.131090398642102264e+04
1.131074812777720945e+04
1.131086394342277708e+04
1.131082236332439970e+04
1.131097886185574316e+04
1.131109934557806264e+04
1.131129824387762346e+04
1.131142106291828895e+04
1.131175793089339095e+04
1.131187104619898491e+04
1.131191509767020216e+04
1.131184476710866147e+04
1.131179720125113272e+04
1.131161579397394780e+04
1.131148123359092278e+04
1.131145667625104397e+04
1.131125765054984549e+04
1.131125999454454541e+04
1.131119022455103914e+04
1.131110818897486024e+04
1.131104966215221066e+04
1.131109396340922285e+04
1.131081319249512308e+04
1.131059623801172711e+04
1.131030560270281421e+04
1.131002717100714653e+04
1.130977991543132339e+04
1.130966163250398677e+04
1.130957288560792222e+04
1.130957867874732256e+04
1.130950227587455083e+04
1.130943332408313108e+04
1.130949682602205394e+04
1.130946343889987111e+04
1.130940813797422015e+04
1.130948464030512332e+04
1.130935612424037936e+04
1.130943812037901262e+04
1.130938939785778530e+04
1.130937595974859869e+04
1.130930106648988112e+04
1.130938566002281732e+04
1.130930796968599680e+04
1.130938238835056472e+04
1.130937919921213324e+04
1.130929568402672885e+04
1.130931208509143471e+04
1.130938806784483859e+04
1.130933938043773014e+04
1.130925635785950180e+04
1.130930635181891557e+04
1.130928643732894488e+04
1.130927079398094065e+04
1.130928123726849662e+04
1.130927203552150968e+04
1.130930306505274712e+04
1.130932468984508341e+04
1.130925789089062891e+04
1.130929462363408311e+04
1.130933353739015911e+04
1.130927738849484558e+04
1.130929752270413337e+04
1.130932748724815247e+04
1.130934419081559827e+04
1.130935350259486404e+04
1.130931147667116056e+04
1.130928634335783318e+04
1.130939942106828858e+04
1.130928316255004029e+04
1.130926252073639807e+04
1.130931085973759582e+04
1.130927591375602969e+04
1.130936908607853729e+04
1.130938525508012208e+04
1.130937158977584659e+04
1.130937632608269450e+04
1.130932639165429646e+04
1.130936189916532567e+04
1.130928110676521828e+04
1.130931857785393549e+04
1.130938433012988571e+04
1.130938633491279688e+04
1.130940243907732474e+04
1.130928260750372101e+04
1.130942058401912436e+04
1.130936549109863154e+04
1.130937147844007268e+04
1.130945307942197906e+04
1.130941487336797218e+04
1.130954895361740455e+04
1.130949062387547565e+04
1.130946250488420628e+04
1.130952042702933795e+04
1.130946690544419471e+04
1.130957283891506268e+04
1.130959634929163622e+04
1.130949760120817700e+04
1.130949181588378815e+04
1.130944976985315770e+04
1.130943953114897886e+04
1.130944332024947835e+04
1.130945379056309139e+04
1.130958727188851299e+04
1.130944382263672196e+04
1.130939831060522738e+04
1.130952060582601734e+04
1.130958078636764731e+04
1.130946175973386926e+04
1.130950507473367907e+04
1.130942379156700918e+04
1.130952839885697904e+04
1.130948596063061268e+04
1.130944945110733170e+04
1.130949701617412757e+04
1.130945487183719888e+04
1.130956727723793119e+04
1.130953207411853509e+04
1.130955081212114783e+04
1.130950516017205882e+04
1.130954061483624355e+04
1.130962628598668016e+04
1.130955508722593731e+04
1.130956179342551513e+04
1.130964469688415011e+04
1.130963651591016969e+04
1.130972183248327565e+04
1.130967796205231389e+04
1.130969591516391301e+04
1.130966158329940117e+04
1.130972430088524379e+04
1.130980670634107810e+04
1.130973437318146534e+04
1.130986288620650157e+04
1.130982461377233631e+04
1.130978787307474704e+04
1.130992300278686889e+04
1.130988928229413614e+04
1.130990355096419626e+04
1.130985655319765101e+04
1.130995117010429203e+04
1.130991533080790941e+04
1.131001813303342169e+04
1.130999689612561997e+04
1.131012697661269704e+04
1.131020647123667914e+04
1.131014527847402314e+04
1.131020334908774566e+04
1.131020404912645063e+04
1.131031430949550304e+04
1.131039504731827765e+04
1.131041136521525368e+04
1.131049820015164005e+04
1.131047654214673094e+04
1.131063639507026528e+04
1.131069138854929588e+04
1.131077079513622994e+04
1.131085753086921613e+04
1.131091546369799107e+04
1.131094710601801853e+04
1.131092300046735909e+04
1.131092043643031502e+04
1.131104763451095641e+04
1.131108278526256254e+04
1.131107972863338182e+04
1.131100513318004050e+04
1.131108809273655606e+04
1.131107482766948669e+04
1.131108916689259786e+04
1.131113666589180866e+04
1.131114294870476260e+04
1.131115430036761245e+04
1.131115542211113643e+04
1.131117030198822977e+04
1.131119575613540837e+04
1.131119346542493986e+04
1.131115740725859541e+04
1.131119992970932253e+04
1.131126324063502761e+04
1.131126748635912008e+04
1.131129796259134673e+04
1.131132706413054620e+04
1.131129603776273143e+04
1.131127751682915004e+04
1.131127243740160702e+04
1.131134476781013836e+04
1.131126366499846699e+04
1.131125050897039728e+04
1.131130975559974104e+04
1.131125652746981723e+04
1.131129445463834600e+04
1.131129290437774762e+04
1.131134824906540962e+04
1.131138354911309943e+04
1.131144413983275626e+04
1.131142761113403503e+04
1.131155570779391746e+04
1.131157927678588567e+04
1.131161701971195362e+04
1.131178293186526025e+04
1.131180394382147642e+04
1.131196848170393969e+04
1.131205195616895799e+04
1.131217143237116397e+04
1.131233864054529840e+04
1.131236517662053666e+04
1.131249912376583052e+04
1.131254700960076480e+04
1.131277042169731976e+04
1.131284412726282062e+04
1.131297923229508160e+04
1.131302206009195288e+04
1.131315240889679808e+04
1.131316783900715382e+04
1.131317356066777756e+04
1.131325685035057359e+04
1.131329743591943588e+04
1.131333987849221739e+04
1.131337179887899219e+04
1.131337116085831258e+04
1.131354480242994759e+04
1.131349990262240681e+04
1.131355233438387950e+04
1.131353148704742671e+04
1.131355883390687814e+04
1.131360934968968650e+04
1.131351412730525408e+04
1.131348501719672822e+04
1.131337699333037017e+04
1.131351754620016982e+04
1.131353993854323926e+04
1.131370998186158795e+04
1.131381676953691931e+04
1.131411513004590779e+04
1.131420328323590729e+04
1.131413213830674249e+04
1.131395113882959049e+04
1.131358643821194528e+04
1.131327935142657589e+04
1.131306056044898833e+04
1.131286384581921266e+04
1.131263869556445025e+04
1.131243112737370939e+04
1.131231440331015619e+04
1.131229710010896633e+04
1.131248228534615555e+04
1.131287914893584093e+04
1.131341929336029352e+04
1.131412987836669163e+04
1.131500082068957454e+04
1.131562807530199825e+04
1.131622790194792287e+04
1.131653363212288059e+04
1.131681540050357580e+04
1.131674606554790989e+04
1.131675855190387665e+04
1.131676235749876651e+04
1.131668655800369743e+04
1.131653526321903155e+04
1.131642027410012270e+04
1.131604237821121569e+04
1.131558099303106246e+04
1.131508935670834944e+04
1.131462188651974975e+04
1.131401267530372752e+04
1.131367533570297383e+04
1.131313285011501466e+04
1.131274771482130018e+04
1.131252355302306569e+04
1.131232634739523201e+04
1.131219806428007360e+04
1.131206201351605341e+04
1.131192025972390547e+04
1.131182320024863657e+04
1.131163573227675261e+04
1.131142586476240831e+04
1.131132645910577958e+04
1.131110350024086983e+04
1.131087114940174251e+04
1.131078954281471306e+04
1.131054857113282742e+04
1.131042268323547069e+04
1.131026190851497813e+04
1.131013517358028912e+04
1.131007285096845771e+04
1.130994851437574289e+04
1.130994668900307443e+04
1.130985565207882610e+04
1.130975429505777356e+04
1.130972010705385765e+04
1.130983052426398535e+04
1.130981121995122157e+04
1.130973385353000049e+04
1.130970414442601759e+04
1.130976342092542109e+04
1.130977205477223106e+04
1.130978086494099989e+04
1.130976481404799961e+04
1.130964370767326182e+04
1.130976333460693968e+04
1.130971289192171207e+04
1.130968606919529702e+04
1.130972168189691911e+04
1.130971348037901043e+04
1.130965319406541857e+04
1.130964484916465699e+04
1.130967343565459669e+04
1.130971914063560325e+04
1.130973381498046547e+04
1.130954997945781179e+04
1.130953013716414534e+04
1.130954897930820152e+04
1.130956628053175700e+04
1.130961285171229611e+04
1.130957629727563653e+04
1.130955221631075983e+04
1.130963574464260091e+04
1.130949862672904419e+04
1.130948510774889837e+04
1.130950657721709831e+04
1.130950877993830545e+04
1.130937985967592977e+04
1.130945145537850294e+04
